2 0.13819110638297874 0.5675 0.188085 0.09375
2 0.14377689361702128 0.8317578125 0.188936 0.073125
2 0.15010610638297875 0.181484375 0.18808499999999997 0.075625
2 0.14760659574468085 0.37046875 0.169361 0.08687499999999998
2 0.24047917021276596 0.748984375 0.17446799999999998 0.07499999999999996
2 0.24813817021276596 0.2759375 0.174468 0.07874999999999999
2 0.26164859574468086 0.6408984375 0.16936199999999996 0.06187500000000001
2 0.2818620425531915 0.46421875 0.19999999999999998 0.11812500000000004
2 0.30191482978723405 0.085859375 0.20255299999999998 0.075
2 0.3101595957446808 0.55484375 0.16766 0.05625000000000002
2 0.31957408510638297 0.17671875 0.148937 0.05499999999999999
2 0.38484004255319154 0.902890625 0.19999999999999998 0.0837500000000001
2 0.42547889361702135 0.277109375 0.188936 0.075625
2 0.43079804255319154 0.7449609375 0.19999999999999993 0.10749999999999993
2 0.44425538297872336 0.8278125 0.17191499999999998 0.078125
2 0.44558517021276595 0.3677734375 0.17446800000000004 0.06187499999999996
2 0.543563744680851 0.6428515625 0.17957500000000004 0.06500000000000006
2 0.5746274468085106 0.180546875 0.158298 0.06
2 0.6321813191489362 0.4650390625 0.18382900000000005 0.08187499999999998
2 0.6977123191489362 0.5587109375 0.18553200000000006 0.07687500000000003
2 0.7022343617021277 0.8220703125 0.1353189999999999 0.05812500000000009
2 0.7355850212765958 0.191171875 0.16255300000000003 0.05937500000000001
2 0.7447869574468086 0.28 0.17702199999999998 0.09437500000000001
2 0.7582973829787234 0.37953125 0.1702130000000001 0.07187500000000002
2 0.8534573191489361 0.0888671875 0.18383000000000008 0.085625
2 0.8470740212765958 0.6476171875 0.16340499999999994 0.08562500000000006
2 0.8593612340425532 0.9123046875 0.1617030000000001 0.06937499999999996
2 0.8602132340425532 0.8278515625 0.15999999999999992 0.06499999999999995
2 0.8603722978723404 0.5578515625 0.14893599999999999 0.06499999999999995
