1 0.11156719821162445 0.1384765625 0.07061100000000001 0.15875
1 0.11752845007451566 0.4675 0.08110700000000001 0.18937499999999996
1 0.10250769448584203 0.3072265625 0.04675499999999999 0.12812500000000002
1 0.19646122056631893 0.7098046875 0.21374 0.03749999999999998
1 0.1978977168405365 0.7891796875 0.189885 0.10062499999999996
1 0.19384446497764532 0.57421875 0.177481 0.11750000000000005
1 0.24966996125186292 0.136328125 0.15457999999999997 0.036250000000000004
1 0.2553949612518629 0.2188671875 0.153626 0.05437500000000001
1 0.28222059463487337 0.4326171875 0.206107 0.085625
1 0.2642192131147541 0.291796875 0.16412200000000002 0.06
1 0.24824345752608049 0.180390625 0.13072500000000004 0.05124999999999999
1 0.2750790834575261 0.821875 0.13549599999999998 0.09375
1 0.2944531520119225 0.3420703125 0.17461899999999997 0.08937500000000004
1 0.3750586706408346 0.6209375 0.2948469999999999 0.04749999999999999
1 0.30680433532041723 0.0721875 0.14885500000000002 0.016875
1 0.4218236631892697 0.464296875 0.24713800000000005 0.06
1 0.4880175409836066 0.886015625 0.265267 0.05125000000000002
1 0.5362538614008943 0.1191015625 0.31583999999999995 0.06625000000000002
1 0.40647900745156484 0.76453125 0.049618 0.10250000000000004
1 0.5050849076005961 0.1659375 0.20896999999999996 0.017500000000000016
1 0.5215531520119224 0.0858203125 0.174618 0.02562500000000001
1 0.5054587704918033 0.828203125 0.13358799999999998 0.036250000000000004
1 0.5245975871833085 0.75578125 0.15839699999999998 0.07125000000000004
1 0.5901713576751118 0.6712109375 0.291984 0.0462499999999999
1 0.4970093815201192 0.3309375 0.04198500000000003 0.14187500000000003
1 0.5314241907600596 0.2169140625 0.02099299999999998 0.049375
1 0.6718136706408345 0.5427734375 0.2948479999999999 0.12312499999999998
1 0.6735064038748138 0.2975 0.1851140000000001 0.06312499999999999
1 0.7109556557377049 0.228828125 0.19752000000000006 0.06687500000000002
1 0.7799387317436661 0.4956640625 0.284351 0.11312499999999998
1 0.7713069076005963 0.4255078125 0.21087799999999993 0.10374999999999995
1 0.747408083457526 0.16875 0.13549600000000003 0.0325
1 0.7744789612518629 0.6552734375 0.15362599999999996 0.06125000000000003
1 0.7493260760059612 0.0780078125 0.08873999999999989 0.010000000000000009
1 0.768581518628912 0.1253125 0.11927499999999999 0.016875
1 0.7722908852459018 0.8127734375 0.06583999999999987 0.12437500000000001
1 0.8834593815201193 0.1318359375 0.043893999999999926 0.14
1 0.884949694485842 0.33078125 0.04675600000000005 0.165625
