0 0.6246376091298146 0.586171875 0.139726 0.15249999999999997
0 0.2008871455064194 0.193515625 0.18447499999999997 0.17750000000000002
0 0.19684114265335234 0.435078125 0.14246499999999998 0.161875
0 0.19844100855920113 0.718984375 0.13059300000000004 0.16937499999999994
0 0.3380529415121255 0.60078125 0.125114 0.13312499999999994
0 0.34233254208273894 0.310234375 0.13242 0.13687499999999997
0 0.471666877318117 0.4419140625 0.15981700000000001 0.17562500000000003
0 0.46761987446504993 0.7252734375 0.11963499999999996 0.12312500000000004
0 0.4762393409415121 0.1691796875 0.11506900000000006 0.13124999999999998
0 0.6328576091298145 0.319921875 0.13698600000000014 0.15375000000000003
0 0.7738896119828816 0.4351171875 0.17990900000000004 0.14687500000000003
0 0.7669302767475037 0.185703125 0.15251199999999998 0.160625
0 0.7658504079885877 0.7291796875 0.12054799999999997 0.10062500000000008
