0 0.8250891035386633 0.6320703125 0.11754899999999985 0.15187499999999998
0 0.11375818348623853 0.6146484375 0.130983 0.12437500000000001
0 0.11922625557011794 0.435625 0.10999200000000002 0.09437500000000004
0 0.12567710353866315 0.110078125 0.11670900000000001 0.09875
0 0.11556055963302753 0.797109375 0.09403900000000001 0.13687499999999997
0 0.12080302359108781 0.2658984375 0.10327499999999999 0.09187500000000001
0 0.27697502359108783 0.4295703125 0.10327400000000002 0.12
0 0.29401303145478375 0.7948828125 0.137699 0.13624999999999998
0 0.2954875674967235 0.108125 0.12678400000000004 0.09562499999999999
0 0.3018351834862385 0.6137109375 0.12846399999999997 0.1399999999999999
0 0.2903067916120577 0.2580078125 0.09907600000000004 0.104375
0 0.4669964311926605 0.793203125 0.20403000000000002 0.13
0 0.46587087942332894 0.1141015625 0.14441600000000002 0.0975
0 0.46593256749672346 0.2562109375 0.12594399999999994 0.10812499999999997
0 0.4636797195281782 0.423515625 0.12006700000000003 0.145625
0 0.47815818348623845 0.6167578125 0.12846300000000008 0.135
0 0.6371143355176933 0.4325 0.12174700000000009 0.12687500000000002
0 0.6410461834862384 0.6155078125 0.13098300000000004 0.13624999999999998
0 0.6436674154652686 0.1286328125 0.13601999999999997 0.13625
0 0.6460841834862385 0.805859375 0.128463 0.13812499999999994
0 0.6475587195281782 0.26871093749999997 0.11922799999999997 0.10750000000000001
0 0.8168157352555702 0.7961328125 0.186398 0.135
0 0.813006263433814 0.2797265625 0.14273799999999984 0.09749999999999998
0 0.815750871559633 0.4262890625 0.11251100000000006 0.143125
0 0.8209933355176933 0.13285156250000002 0.12174700000000002 0.128125
