0 0.2108966153846154 0.213359375 0.113189 0.16874999999999998
0 0.20843092307692307 0.710234375 0.08858300000000001 0.13687500000000008
0 0.221102 0.468125 0.08070900000000002 0.09437499999999999
0 0.35601115384615384 0.598828125 0.108268 0.1293749999999999
0 0.358898 0.3683203125 0.08070799999999997 0.11937499999999995
0 0.49559346153846157 0.223203125 0.12401599999999996 0.161875
0 0.5047580769230768 0.70703125 0.11614100000000008 0.16562500000000002
0 0.4989676153846154 0.4731640625 0.07283400000000002 0.08062500000000006
0 0.6536856923076922 0.61359375 0.10728299999999999 0.1499999999999999
0 0.6535617692307691 0.3753125 0.10137800000000005 0.109375
0 0.7885370769230768 0.7159765625 0.15551200000000004 0.15875000000000006
0 0.7808353846153846 0.4730078125 0.09055199999999997 0.104375
0 0.793143076923077 0.2213671875 0.11515800000000004 0.14687499999999998
