0 0.7847982694610778 0.175 0.1350569999999999 0.156875
0 0.17075021556886227 0.4540234375 0.110153 0.15562499999999996
0 0.17230517964071856 0.180859375 0.09195399999999997 0.138125
0 0.17679619760479043 0.752578125 0.099616 0.12937500000000002
0 0.3155072275449102 0.6146484375 0.11494199999999997 0.12312500000000004
0 0.3144861736526946 0.31203125 0.08907999999999999 0.13312499999999997
0 0.47882427544910183 0.7504296875 0.1388889999999999 0.16374999999999995
0 0.47271523952095806 0.458046875 0.12260599999999998 0.15250000000000002
0 0.47169418562874255 0.1868359375 0.09482799999999998 0.14
0 0.6221412395209581 0.3101953125 0.12260499999999995 0.150625
0 0.6377011676646707 0.6076953125 0.08429200000000006 0.11937500000000001
0 0.7867142694610778 0.7496484375 0.13601500000000002 0.12437500000000001
0 0.7897082814371257 0.4529296875 0.14080399999999993 0.16375
