2 0.09265638500635325 0.9014998125 0.08454099999999999 0.07242300000000002
2 0.0941903125794155 0.7446456875 0.049517000000000005 0.03806899999999991
2 0.23890499364675982 0.590690625 0.13768100000000003 0.083565
2 0.26064399364675983 0.719944875 0.13768099999999997 0.09099399999999991
2 0.39102803303684885 0.6314009375 0.08816399999999991 0.07799400000000001
2 0.4324689212198221 0.46598225 0.10386400000000001 0.07056699999999999
2 0.458912625158831 0.547979625 0.0990339999999999 0.08263700000000007
2 0.4741604015247777 0.853746 0.12801899999999997 0.09470699999999999
2 0.6494947204574333 0.6360106875 0.039855000000000064 0.03806900000000002
2 0.7529691448538754 0.1542450625 0.0712559999999999 0.08077999999999999
2 0.827195289707751 0.900331 0.14251199999999994 0.06406699999999999
2 0.8000711448538754 0.3572035625 0.07246400000000003 0.06592399999999998
2 0.8719439377382465 0.5181715 0.144927 0.07892299999999997
