0 0.7308515 0.6929296875 0.13613599999999995 0.1625000000000001
0 0.21352900000000002 0.7023828125 0.12012000000000003 0.135
0 0.21821650000000004 0.287578125 0.131131 0.13000000000000003
0 0.254179 0.4934375 0.15014999999999998 0.14187499999999997
0 0.4640715 0.537578125 0.16116199999999994 0.161875
0 0.48145450000000006 0.7348046875 0.180181 0.16249999999999998
0 0.47671849999999993 0.2234765625 0.142143 0.12812500000000002
0 0.4630955 0.3773828125 0.11011099999999993 0.104375
0 0.7135905 0.4915234375 0.12312300000000001 0.12312499999999998
0 0.7297285 0.286484375 0.1291290000000001 0.13687499999999997
