2 0.433515625 0.9038611171303074 0.17687499999999995 0.18556699999999998
2 0.0322265625 0.9521941229868228 0.065 0.09372100000000015
2 0.0940625 0.7510448960468521 0.078125 0.11152699999999989
2 0.102109375 0.380385803806735 0.044375 0.04217399999999997
2 0.201015625 0.9241904421669107 0.14625000000000002 0.14807900000000004
2 0.172265625 0.4045754480234261 0.05124999999999999 0.05623299999999996
2 0.19234375 0.5823468960468521 0.0875 0.11152799999999995
2 0.278828125 0.39191754026354314 0.09874999999999998 0.12652300000000005
2 0.3234765625 0.6914087306002928 0.15875 0.17713300000000004
2 0.4246875 0.5372406998535871 0.11125000000000002 0.15370199999999995
2 0.4863671875 0.35618628257686674 0.116875 0.12090000000000005
2 0.500390625 0.28719193265007326 0.05125000000000002 0.045923
2 0.52828125 0.6846802518301611 0.10249999999999998 0.09746899999999992
2 0.5978125 0.5449751537335286 0.11125000000000007 0.11715100000000002
2 0.61265625 0.9666058345534406 0.07187500000000002 0.0646680000000001
2 0.6784375 0.760473055636896 0.14125 0.13870700000000005
2 0.6521875 0.3789167364568081 0.078125 0.08622300000000005
2 0.66296875 0.32005009224011716 0.08687500000000004 0.07122799999999994
2 0.7712890625 0.5272253133235725 0.11312500000000003 0.14432999999999996
2 0.7571875 0.9800815461200586 0.016249999999999987 0.036551000000000014
2 0.8396875 0.77739921522694 0.10999999999999999 0.1640110000000001
2 0.873046875 0.47538863836017575 0.059374999999999956 0.10777899999999996
2 0.98734375 0.935673896046852 0.02375000000000005 0.113403
