2 0.45165229787234046 0.3155859375 0.27257200000000004 0.10749999999999998
2 0.1159107659574468 0.503203125 0.09114200000000001 0.03562500000000002
2 0.21208387234042556 0.757265625 0.15332199999999999 0.05124999999999991
2 0.20470591489361703 0.223359375 0.10306600000000003 0.044375
2 0.45341678723404255 0.5037109375 0.253833 0.10749999999999998
2 0.4509222765957447 0.14992187499999998 0.23509400000000005 0.09000000000000001
2 0.45636440425531916 0.6734375 0.20954000000000006 0.07999999999999996
2 0.4700108085106383 0.85890625 0.16524700000000006 0.07187500000000002
2 0.7012374255319148 0.2203125 0.12095400000000006 0.048125
2 0.7123104255319148 0.74359375 0.12095400000000006 0.05624999999999991
2 0.7751168723404255 0.506875 0.15332199999999999 0.06312499999999993
