0 0.1763260303030303 0.18660156249999998 0.16197899999999998 0.1275
0 0.1782030909090909 0.4539453125 0.18331700000000004 0.15187500000000004
0 0.18754118181818183 0.712890625 0.164888 0.1775
0 0.32769339393939395 0.5898046875 0.19010600000000005 0.16374999999999995
0 0.3296963333333333 0.335625 0.16779800000000003 0.12624999999999997
0 0.48543048484848483 0.457109375 0.16973800000000003 0.13687500000000002
0 0.4731889696969697 0.192734375 0.13966999999999996 0.138125
0 0.49028048484848485 0.72578125 0.172648 0.1656249999999999
0 0.6231549090909091 0.595859375 0.218235 0.16937500000000005
0 0.6228569393939394 0.3425390625 0.179437 0.143125
0 0.7715604848484848 0.453046875 0.1697380000000001 0.15375
0 0.7643522121212122 0.19203125 0.12512099999999998 0.13375000000000004
0 0.7702925151515151 0.7171484375 0.1328800000000001 0.12437500000000001
