0 0.5133642335329341 0.1819140625 0.11781599999999995 0.14375000000000002
0 0.20732718562874253 0.46078125 0.09482700000000001 0.133125
0 0.20720617365269461 0.73203125 0.08908099999999998 0.10249999999999992
0 0.21445017964071858 0.1869140625 0.09099600000000001 0.11249999999999999
0 0.35346019161676645 0.3209765625 0.096743 0.128125
0 0.3579512095808383 0.60375 0.10727900000000001 0.12624999999999997
0 0.49091423952095803 0.4590625 0.12260600000000006 0.10937500000000006
0 0.5015661556886227 0.7388671875 0.08045899999999996 0.11624999999999996
0 0.6574551317365269 0.3269921875 0.06800799999999994 0.11625000000000002
0 0.6709281856287425 0.6008984375 0.09482799999999998 0.12312499999999993
0 0.8006002215568861 0.17625000000000002 0.11206900000000011 0.12687500000000002
0 0.8065251916167665 0.739921875 0.09865900000000004 0.15250000000000008
0 0.8143082035928144 0.453203125 0.10440599999999997 0.13000000000000006
