2 0.06770833333333333 0.95390575 0.1375 0.08750100000000005
2 0.10651075 0.7744145625 0.11875000000000001 0.06562500000000004
2 0.22760383333333334 0.8857421875 0.152084 0.11562499999999998
2 0.4820315833333333 0.675390125 0.26875 0.22343800000000003
2 0.5343746666666667 0.81640575 0.302084 0.2437499999999999
2 0.5445315833333334 0.4158198125 0.08124999999999989 0.042188
2 0.6216145833333334 0.49296825 0.08333300000000003 0.07187600000000005
2 0.7192705 0.833203125 0.172917 0.12968799999999991
2 0.736458 0.725 0.1583340000000001 0.125
2 0.7200524166666668 0.58203075 0.10833300000000001 0.08593799999999996
2 0.7065104166666666 0.42890625 0.07708300000000001 0.039063000000000014
2 0.85390625 0.967188 0.13333300000000006 0.0625
2 0.9065107500000001 0.75 0.1812499999999999 0.25
2 0.966667 0.9607421875 0.0625 0.05468700000000004
