2 0.23081932133676092 0.7344921875 0.375309 0.24062499999999998
2 0.15879476349614396 0.25691406250000004 0.20658399999999996 0.206875
2 0.16044076349614395 0.5388671875 0.206585 0.14687500000000003
2 0.1065127583547558 0.08203125 0.08065800000000001 0.070625
2 0.19402849871465297 0.4184765625 0.22057600000000002 0.19125000000000003
2 0.22028569922879176 0.0916796875 0.13251000000000002 0.10125
2 0.34866925192802056 0.27132812500000003 0.173663 0.09937500000000002
2 0.5058432442159383 0.524296875 0.4839500000000001 0.27812499999999996
2 0.35681945244215935 0.0760546875 0.08724300000000004 0.06875
2 0.5069993341902314 0.704765625 0.188477 0.0837500000000001
2 0.501970087403599 0.188671875 0.14238699999999999 0.09062500000000001
2 0.509377087403599 0.3134765625 0.14156399999999994 0.128125
2 0.5158603933161954 0.0909375 0.13662500000000005 0.07874999999999999
2 0.528149822622108 0.821875 0.15555499999999994 0.125
2 0.6748090874035989 0.2973828125 0.14156399999999994 0.10374999999999998
2 0.6875713110539846 0.1105078125 0.12181099999999992 0.10375000000000001
2 0.804097439588689 0.747421875 0.272428 0.24624999999999997
2 0.8457788046272493 0.253125 0.21399100000000001 0.12625000000000003
2 0.8279412107969151 0.5547265625 0.1646090000000001 0.09750000000000003
2 0.843375822622108 0.4090625 0.1555560000000001 0.109375
2 0.8704906992287917 0.114609375 0.13251100000000005 0.10625
