0 0.5031291764705882 0.7385546875 0.206215 0.25750000000000006
0 0.1963190588235294 0.16890625 0.288136 0.2275
0 0.18780335294117645 0.767265625 0.21374800000000002 0.17625000000000002
0 0.21287782352941179 0.351640625 0.194915 0.145625
0 0.26476082352941177 0.5657421874999999 0.296611 0.273125
0 0.4976486470588235 0.18156250000000002 0.241055 0.23562499999999997
0 0.5114241176470588 0.4571875 0.22128100000000003 0.29875
0 0.7573972941176471 0.571796875 0.326742 0.27875000000000005
0 0.7724738823529412 0.1608203125 0.2806030000000001 0.213125
0 0.7890743529411764 0.7709375 0.2627119999999999 0.203125
0 0.7829063529411764 0.3367578125 0.21280700000000013 0.16750000000000004
