2 0.4927734375 0.1794926875 0.24843799999999994 0.19375
2 0.201171875 0.2638666875 0.12187500000000001 0.16250099999999998
2 0.248828125 0.662109375 0.19218799999999997 0.10624999999999996
2 0.2857421875 0.514062 0.209375 0.15781299999999998
2 0.265234375 0.4056640625 0.10624999999999998 0.11250000000000004
2 0.3123046875 0.2041010625 0.13281199999999999 0.08124999999999999
2 0.4201171875 0.35 0.20937500000000003 0.1875
2 0.40703075 0.6765625 0.11875000000000002 0.109375
2 0.5314453125 0.4529291875 0.12031300000000006 0.115626
2 0.62734375 0.32421875 0.11875000000000002 0.11875000000000002
2 0.7408198125 0.1531245 0.260938 0.234375
2 0.7736328125 0.3521489375 0.167188 0.10781200000000002
