2 0.7412105625 0.69270825 0.1279300000000001 0.19531299999999993
2 0.602539 0.9622393333333333 0.15625 0.0729169999999999
2 0.5878903125 0.3710934166666666 0.12011799999999995 0.20052099999999998
2 0.57128925 0.8098960833333333 0.07128900000000005 0.0989580000000001
2 0.673828 0.2291665833333333 0.0625 0.11458300000000003
2 0.694336125 0.9557295833333334 0.09863300000000008 0.0820309999999999
2 0.7353516875 0.13281275 0.16308599999999995 0.18229099999999998
2 0.721679875 0.5130209166666666 0.12109400000000003 0.1536460000000001
2 0.7226565 0.06770858333333334 0.109375 0.11458299999999999
2 0.73828075 0.88802075 0.08691499999999996 0.11848999999999998
2 0.793944875 0.43619775 0.18359400000000003 0.30599000000000004
2 0.802734125 0.9192706666666668 0.03613300000000008 0.08463599999999986
2 0.8427731875 0.8111975833333332 0.11523500000000009 0.20703200000000002
2 0.8759766875 0.32031291666666667 0.16308599999999995 0.21874999999999997
2 0.8203125625 0.8580733333333334 0.0341800000000001 0.04296799999999997
2 0.86328075 0.234375 0.08691499999999996 0.15885399999999997
2 0.8496091875 0.92838575 0.052734999999999976 0.08854099999999991
2 0.9042969375 0.5390622500000001 0.10742200000000002 0.1653649999999999
