2 0.5805762427983538 0.17084675 0.26444400000000007 0.118577
2 0.15386797942386832 0.886865625 0.183334 0.08300399999999997
2 0.15334749519890262 0.619764125 0.176666 0.06719399999999998
2 0.15975275308641976 0.106628625 0.17333400000000002 0.08221300000000001
2 0.1638679794238683 0.184935375 0.183334 0.07588899999999998
2 0.1817006268861454 0.5312734375 0.217778 0.09249099999999999
2 0.15596730041152265 0.3523845625 0.15666600000000003 0.06561299999999998
2 0.173278463648834 0.4453865 0.18888900000000003 0.07905099999999998
2 0.13434820027434843 0.701141375 0.106667 0.0758890000000001
2 0.1357199423868313 0.787260625 0.10888899999999999 0.08300399999999997
2 0.14297645816186558 0.263149625 0.102222 0.08221400000000001
2 0.27537678463648835 0.712998375 0.16333399999999998 0.07430900000000007
2 0.28805223731138546 0.788888375 0.17888900000000002 0.075098
2 0.30628268998628255 0.26831150000000004 0.195555 0.07905100000000001
2 0.3537309163237311 0.0991415 0.20555600000000004 0.07905100000000001
2 0.3046779739368999 0.4417125625 0.09666600000000004 0.06561299999999998
2 0.32936933196159124 0.6243215625 0.147777 0.06482199999999994
2 0.349945463648834 0.1878650625 0.18888899999999997 0.081423
2 0.3581759163237311 0.3592205 0.20333300000000004 0.07905099999999998
2 0.354389463648834 0.8785885 0.186667 0.07905099999999998
2 0.3553911687242798 0.5370397499999999 0.11555499999999998 0.086957
2 0.41401942661179697 0.4463173125 0.11444399999999996 0.08932800000000002
2 0.4349933635116598 0.7077434375 0.13555499999999998 0.062451000000000034
2 0.4817150109739369 0.7953521875 0.17222200000000004 0.08458500000000002
2 0.49308675308641975 0.6214849375 0.17444400000000004 0.07747099999999996
2 0.4958302373113854 0.5342025625 0.178889 0.06561300000000003
2 0.4874761056241427 0.27379875 0.13777799999999998 0.08616599999999999
2 0.5565434320987654 0.1091861875 0.19777799999999998 0.084585
2 0.5656241426611798 0.8712411875 0.2122219999999999 0.08537600000000001
2 0.5484500425240055 0.3594995625 0.15999999999999998 0.06482200000000005
2 0.5457745898491083 0.452267625 0.1444450000000001 0.051383999999999985
2 0.6161456268861454 0.705047625 0.21777799999999997 0.08379400000000004
2 0.6602742373113855 0.285795 0.178889 0.06403199999999998
2 0.6510698477366256 0.7907474375 0.13999999999999985 0.06166000000000005
2 0.6675307530864198 0.6153475 0.17333300000000001 0.07905099999999998
2 0.6757612057613169 0.5276004999999999 0.18999999999999992 0.07905100000000004
2 0.6929630740740741 0.4449213125 0.14999999999999997 0.058497999999999994
2 0.6915366844993142 0.358848375 0.11111100000000004 0.07588899999999998
2 0.7071607160493828 0.1132774375 0.09888899999999999 0.06165999999999999
2 0.8074483374485597 0.8802625625 0.23111099999999993 0.09644299999999995
2 0.8274627215363511 0.7955845 0.18555499999999997 0.07905099999999998
2 0.8343214320987654 0.1914459375 0.2000000000000001 0.07747000000000001
2 0.8396847215363512 0.1068609375 0.18555499999999997 0.07747000000000001
2 0.8405349794238683 0.351734375 0.18111100000000008 0.07430799999999999
2 0.8436072373113855 0.6211128125 0.178889 0.07351799999999997
2 0.8498217846364884 0.533598125 0.1622220000000001 0.06719399999999998
2 0.8562280425240055 0.27235699999999996 0.16111100000000003 0.06324100000000002
2 0.8562280425240055 0.4488275625 0.16111100000000003 0.06482199999999999
