0 0.19232794436519257 0.19421875 0.167123 0.15000000000000002
0 0.19416140798858772 0.5092578125 0.12054799999999997 0.135
0 0.20563294151212552 0.765390625 0.12511399999999998 0.14500000000000002
0 0.36367774322396573 0.3573828125 0.14977100000000002 0.16750000000000004
0 0.367903542082739 0.62234375 0.131507 0.15000000000000002
0 0.5077426091298145 0.2123828125 0.13698699999999994 0.1675
0 0.5133959415121255 0.7596875 0.12420099999999995 0.14187500000000008
0 0.510716206847361 0.4985546875 0.10502299999999994 0.13187499999999996
0 0.6360563409415121 0.6235546875 0.11506899999999999 0.13124999999999998
0 0.6363437403708988 0.3582421875 0.10776199999999998 0.14687500000000003
0 0.77264287446505 0.4923046875 0.11963500000000005 0.16374999999999995
0 0.7742427403708988 0.200859375 0.10684899999999996 0.13687499999999997
0 0.7759556733238231 0.7616015625 0.10045699999999995 0.12812500000000004
