2 0.8586384005486969 0.10494737500000001 0.208931 0.10669699999999999
2 0.10679871604938274 0.430980375 0.100479 0.07604999999999995
2 0.1164009108367627 0.1049224375 0.11961699999999997 0.091941
2 0.10153500548696845 0.187573125 0.086125 0.068104
2 0.10335326337448558 0.9016935625 0.084529 0.06583400000000006
2 0.10402303703703705 0.2720444375 0.07495999999999998 0.06242900000000001
2 0.10951000548696846 0.353294125 0.08612399999999999 0.068104
2 0.1438035582990398 0.593295375 0.154705 0.07491500000000006
2 0.10561803703703705 0.6693204375 0.07655499999999998 0.06129399999999996
2 0.11110500548696846 0.8185156875 0.086124 0.06923899999999994
2 0.11522023182441703 0.5083238125 0.094098 0.07264399999999993
2 0.12478923182441701 0.73776725 0.095694 0.07037400000000005
2 0.23841446364883404 0.1924559375 0.18660199999999996 0.077185
2 0.18925400548696847 0.6707723125 0.086125 0.05788899999999997
2 0.19837748971193414 0.27270412499999996 0.092504 0.06810400000000003
2 0.23882778463648835 0.4312713125 0.16267900000000002 0.05675399999999997
2 0.2326378477366255 0.3557225625 0.141946 0.065834
2 0.2353813319615912 0.5078225625 0.14673100000000003 0.06583399999999995
2 0.24383504252400548 0.903170375 0.15949 0.07605000000000006
2 0.2698981426611797 0.8199935 0.21371600000000002 0.07945499999999994
2 0.26160230041152266 0.10072425 0.157895 0.10329200000000001
2 0.23391200548696844 0.740671 0.08771899999999999 0.06356400000000006
2 0.29369036351165984 0.66979575 0.13716099999999998 0.055617999999999945
2 0.31445755829903976 0.5918175625 0.154705 0.06583500000000009
2 0.3351905582990398 0.27059256249999997 0.1563 0.06469899999999998
2 0.37528681618655696 0.7436006875 0.15151499999999998 0.06924000000000008
2 0.3731799108367627 0.352291625 0.11961699999999997 0.051078999999999986
2 0.36013126337448564 0.506529125 0.08293499999999994 0.06810399999999994
2 0.3683295212620027 0.427707875 0.08133899999999997 0.06015899999999996
2 0.37289026337448555 0.1932231875 0.08293500000000006 0.053348000000000007
2 0.41426578463648833 0.902670125 0.16427500000000003 0.06810400000000005
2 0.4149023635116599 0.1046055625 0.13716099999999995 0.09761600000000001
2 0.3979295528120713 0.6722241875 0.07017599999999999 0.05448399999999998
2 0.4698645267489712 0.8267785625 0.1658689999999999 0.06583399999999995
2 0.4716495898491083 0.596200125 0.14354100000000009 0.06810400000000005
2 0.47869836351165984 0.5092744375 0.13556599999999996 0.06242899999999996
2 0.4606102633744856 0.1934065625 0.08293400000000001 0.06470000000000001
2 0.4930523635116598 0.4329075625 0.13716099999999998 0.065834
2 0.5133730425240055 0.2740225 0.16108399999999998 0.07832
2 0.5023659108367627 0.6741773125 0.118023 0.05675399999999997
2 0.48564955281207134 0.358467875 0.07017500000000002 0.05902400000000002
2 0.5527985267489712 0.7452369375 0.16586999999999996 0.07718500000000006
2 0.6146515953360768 0.11289337499999999 0.22966499999999995 0.10669700000000001
2 0.5549325212620028 0.1997163125 0.07974399999999993 0.056754
2 0.5652034897119341 0.903805125 0.09090900000000003 0.06810400000000005
2 0.6021751371742112 0.35651475 0.12759200000000007 0.05561900000000003
2 0.5897962633744857 0.59588225 0.08293499999999998 0.07037500000000008
2 0.5922842949245541 0.5076381875 0.07336500000000003 0.05334899999999998
2 0.6162404897119341 0.8253256875 0.09250400000000004 0.06923999999999997
2 0.6290326844993142 0.671881375 0.11164200000000002 0.044267999999999974
2 0.6374863950617283 0.4332244375 0.12440100000000001 0.06242900000000001
2 0.6401634897119342 0.1997163125 0.09090900000000003 0.056754
2 0.683101816186557 0.28146725 0.15151499999999998 0.07151000000000002
2 0.7077267846364883 0.908345125 0.16427500000000003 0.06696900000000006
2 0.6987943635116598 0.51415725 0.13716100000000006 0.07150999999999996
2 0.7147433635116598 0.593929125 0.13716099999999998 0.06810500000000008
2 0.7444097846364884 0.7421488125 0.16267900000000005 0.07264500000000007
2 0.7121577475994513 0.82403225 0.08931400000000003 0.07037499999999997
2 0.7119012949245542 0.35651475 0.07336500000000003 0.05561900000000003
2 0.774266268861454 0.1968125625 0.169059 0.06469899999999998
2 0.7362708106995884 0.673517625 0.06858100000000013 0.05221399999999998
2 0.7490298106995885 0.44051075 0.06858099999999998 0.055618
2 0.799430231824417 0.3528188125 0.09409900000000013 0.07264399999999999
2 0.80714877914952 0.8225554375 0.07815000000000004 0.06129299999999993
2 0.8085205212620028 0.2774025625 0.0813399999999999 0.064699
2 0.8144540054869686 0.514474125 0.08612399999999987 0.06696999999999997
2 0.8230977791495199 0.59715075 0.07815000000000004 0.055619000000000085
2 0.8697370109739369 0.6735435625 0.17065400000000008 0.06583399999999995
2 0.8713320109739368 0.4330919375 0.172249 0.077185
2 0.8353780685871055 0.90702575 0.06539100000000012 0.055619000000000085
2 0.8894472002743484 0.740354125 0.10526299999999997 0.06810400000000005
2 0.9042467160493827 0.514474125 0.10047900000000015 0.06696999999999997
2 0.9005780054869684 0.8279135625 0.08772000000000008 0.06469899999999995
2 0.9049164897119342 0.35638225 0.09090899999999996 0.07037399999999999
2 0.9156349739368999 0.200560375 0.09728800000000001 0.07604999999999998
2 0.9117430054869685 0.5978104375 0.08612400000000002 0.06129400000000007
2 0.9149320054869684 0.90021575 0.08772000000000008 0.055618000000000056
2 0.9178987475994513 0.2774025625 0.08931400000000003 0.064699
