0 0.7816842455089821 0.1646875 0.12452099999999999 0.14250000000000002
0 0.16775620359281437 0.1827734375 0.104406 0.155
0 0.18003123353293413 0.45984375 0.117816 0.15000000000000002
0 0.17679619760479043 0.74765625 0.101532 0.13312499999999994
0 0.323410251497006 0.3151171875 0.128353 0.14687499999999998
0 0.3144861736526946 0.6019921875 0.08907999999999999 0.11624999999999996
0 0.47133924550898204 0.177109375 0.12547899999999992 0.13687500000000002
0 0.4730142215568862 0.4480859375 0.11302600000000002 0.14000000000000007
0 0.47768220958083835 0.7515625 0.105364 0.14187499999999997
0 0.6237582574850299 0.611796875 0.13122600000000012 0.15249999999999997
0 0.6298032395209581 0.3208203125 0.12260599999999998 0.151875
0 0.7762982814371259 0.4734765625 0.1436779999999999 0.15875
0 0.7855782994011976 0.7446484375 0.152299 0.155625
