0 0.6635370769230768 0.3427734375 0.15452800000000008 0.186875
0 0.2268356923076923 0.4863671875 0.145669 0.148125
0 0.21274069230769233 0.7220703125 0.10728399999999998 0.11937500000000001
0 0.22861261538461536 0.223515625 0.11318899999999998 0.145625
0 0.35706230769230773 0.3533203125 0.13681099999999996 0.15187499999999998
0 0.3603786923076923 0.6089453125 0.10531499999999998 0.1200000000000001
0 0.49706576923076917 0.715078125 0.09940900000000004 0.12937500000000002
0 0.5168169230769231 0.4558984375 0.12893700000000002 0.15562500000000007
0 0.5189004615384616 0.2197265625 0.08366199999999996 0.09749999999999998
0 0.6493181538461539 0.619609375 0.10826800000000004 0.13687499999999997
0 0.801017076923077 0.7209375 0.11515800000000004 0.14125
0 0.8056324615384616 0.475859375 0.12598500000000007 0.13687500000000008
0 0.8105544615384616 0.2312890625 0.12401499999999994 0.14375000000000002
