0 0.20272060912981454 0.49796875 0.13789900000000002 0.18
0 0.19655374322396577 0.1947265625 0.14977200000000002 0.15874999999999997
0 0.20551987446504993 0.74578125 0.11780800000000005 0.13312500000000005
0 0.3422194750356633 0.3672265625 0.12694099999999997 0.15875
0 0.3492983409415122 0.620390625 0.11415599999999992 0.14500000000000002
0 0.4976976091298146 0.5051953124999999 0.13698599999999997 0.15187500000000004
0 0.49775687446504996 0.748515625 0.11963499999999996 0.14500000000000002
0 0.5037504079885877 0.18996093749999998 0.12237400000000001 0.13875000000000004
0 0.6217845420827389 0.6272265625 0.13241999999999998 0.15875000000000006
0 0.6330299415121255 0.3690234375 0.12420100000000003 0.15500000000000003
0 0.7641374750356634 0.7436328125 0.12693999999999991 0.13624999999999998
0 0.7672769415121256 0.18898437499999998 0.12511400000000003 0.13687500000000002
0 0.7673372068473608 0.5080859375 0.10502299999999994 0.14
