2 0.8755859375 0.19337016574585636 0.233333 0.38880699999999996
2 0.2440751875 0.8330461878453039 0.08437499999999998 0.10603799999999988
2 0.27200487500000003 0.9717510939226519 0.06041699999999997 0.05301900000000018
2 0.29869825 0.652271773480663 0.10208299999999998 0.13843799999999998
2 0.4012373125 0.8862477569060774 0.08958300000000002 0.10161999999999992
2 0.5417314375 0.7420095414364641 0.09374999999999994 0.09867499999999998
2 0.683463875 0.9027231104972376 0.060415999999999914 0.092783
2 0.777083 0.5611358950276243 0.09375 0.08983799999999999
2 0.800129875 0.7438571270718232 0.09166700000000005 0.13254699999999997
2 0.8125 0.9608016022099447 0.09375 0.07363700000000012
