0 0.4762649065550907 0.379453125 0.13124999999999998 0.12937500000000002
0 0.17208080613668061 0.2028125 0.12499999999999999 0.11125000000000002
0 0.17314330543933054 0.7430859375 0.10982099999999999 0.10812500000000003
0 0.17900200557880055 0.5722265625 0.11249999999999999 0.12812499999999993
0 0.2211878061366806 0.388046875 0.124108 0.12124999999999997
0 0.38134200697350074 0.7409375 0.14107200000000003 0.109375
0 0.37593270571827053 0.199921875 0.11696399999999997 0.12125
0 0.3886545062761506 0.5694140625 0.12678600000000004 0.11249999999999993
0 0.5830166066945607 0.195859375 0.13392900000000005 0.105625
0 0.5898274058577406 0.738984375 0.11875000000000002 0.10562499999999997
0 0.5858128047419805 0.56765625 0.09732099999999999 0.10250000000000004
0 0.7280509065550907 0.3809765625 0.13214299999999993 0.128125
0 0.7802863054393305 0.1959375 0.10982099999999989 0.11125000000000002
0 0.7787802050209205 0.54953125 0.10267900000000005 0.13312499999999994
0 0.7888240055788006 0.74015625 0.11249999999999988 0.10250000000000004
