2 0.12825430324400564 0.8077371875 0.10111099999999998 0.053887999999999936
2 0.16210479689703808 0.3057998125 0.16777799999999998 0.10469499999999998
2 0.13329717771509167 0.8840074375 0.10444499999999998 0.06235500000000005
2 0.15586417348377998 0.2015875625 0.151111 0.065435
2 0.18488448095909735 0.5392838125 0.205556 0.13548899999999997
2 0.1553922383638928 0.6516921875 0.12444500000000001 0.08545000000000003
2 0.18159267136812415 0.42271975 0.173333 0.11855300000000002
2 0.13303893088857546 0.7278255 0.07222200000000002 0.04849899999999996
2 0.5273169238363893 0.2088751875 0.813333 0.271748
2 0.23923836389280678 0.80651925 0.12111100000000004 0.07082299999999997
2 0.22594555430183355 0.7311683125 0.09000000000000004 0.058506999999999976
2 0.2444081777150917 0.885626125 0.10444499999999998 0.09930699999999992
2 0.27782792665726375 0.6418335 0.116667 0.07852200000000009
2 0.30569167559943583 0.2999404375 0.12888900000000003 0.09237800000000002
2 0.3731746064880113 0.4103106875 0.19777799999999993 0.13087
2 0.36000973624823696 0.7331786875 0.14888900000000002 0.06928400000000001
2 0.3790702341325811 0.5294619375 0.17111200000000001 0.10777500000000001
2 0.3589389266572638 0.8852478125 0.11666699999999992 0.073133
2 0.3638960521861777 0.8074385625 0.11222199999999999 0.06466499999999997
2 0.4174015500705219 0.63430725 0.134445 0.10315600000000003
2 0.43107517771509163 0.3109598125 0.10666700000000004 0.073133
2 0.46483455430183357 0.8131261875 0.08888900000000004 0.053118
2 0.4766713681241184 0.8856395 0.07444400000000001 0.04849899999999996
2 0.4964174894217207 0.7350745625 0.11444400000000012 0.06543500000000002
2 0.5552251086036671 0.538492375 0.17555500000000002 0.106236
2 0.5841596671368123 0.414066625 0.21999999999999995 0.145497
2 0.5724042341325811 0.64662425 0.17111099999999993 0.10315600000000003
2 0.5735966149506347 0.814573125 0.10888900000000004 0.06774499999999994
2 0.5638504936530325 0.892980625 0.06888899999999995 0.05157900000000004
2 0.6309482383638928 0.7360163125 0.124444 0.08929900000000002
2 0.6381273638928068 0.3040308125 0.11999999999999998 0.073903
2 0.6470977447108603 0.88954575 0.05666700000000006 0.055427000000000004
2 0.6888531777150917 0.819962125 0.106666 0.066975
2 0.7365487968970381 0.5379299375 0.16888899999999998 0.10777500000000001
2 0.7428306107193231 0.64662425 0.153333 0.10315600000000003
2 0.7183812425952045 0.8920040625 0.08111100000000009 0.050039000000000056
2 0.7505630521861776 0.2956200625 0.1122220000000001 0.08083200000000001
2 0.7505630521861776 0.739957375 0.1122220000000001 0.07544299999999993
2 0.8247575416078985 0.4145021875 0.22333400000000003 0.179369
2 0.7926983032440057 0.818422125 0.10111099999999994 0.066975
2 0.8131246798307475 0.89273925 0.08222199999999996 0.07159300000000002
2 0.8868894245416079 0.30162875 0.138889 0.08622099999999999
2 0.8905218617771509 0.5574745625 0.14111100000000013 0.09622799999999998
2 0.8842812383638929 0.641420375 0.12444499999999996 0.07544299999999993
2 0.8836823638928067 0.730007625 0.11888899999999994 0.08237099999999997
2 0.9000499266572638 0.2097569375 0.116667 0.07698200000000002
2 0.9014603638928068 0.812378625 0.12111100000000002 0.08390999999999993
2 0.9089801170662906 0.8959103125 0.08666599999999999 0.05696699999999999
