0 0.21295926946107788 0.7508203125 0.136973 0.12062499999999998
0 0.2102632395209581 0.41734375 0.12068999999999999 0.14999999999999997
0 0.20403419161676645 0.12984374999999998 0.09674399999999998 0.118125
0 0.3534022335329341 0.5899609375 0.117816 0.17125
0 0.3583692035928144 0.2894921875 0.10249100000000004 0.11625000000000002
0 0.5122862215568862 0.4019140625 0.11302599999999993 0.14375
0 0.5184512155688622 0.1346484375 0.10823800000000006 0.12437500000000001
0 0.5168341976047904 0.7458984375 0.09961700000000007 0.12312500000000004
0 0.6587172095808383 0.5791796874999999 0.10727999999999994 0.16250000000000003
0 0.6644642095808383 0.2786328125 0.10728000000000004 0.135
0 0.8185012395209581 0.414375 0.12260499999999995 0.156875
0 0.8173022155688623 0.735859375 0.1101529999999999 0.13687499999999997
0 0.8185581976047904 0.13277343749999998 0.10153299999999994 0.123125
