0 0.7912412307692309 0.211640625 0.14173300000000005 0.17625
0 0.20795300000000003 0.4419140625 0.161417 0.17562500000000003
0 0.1961326153846154 0.74796875 0.111221 0.11812500000000004
0 0.1991433846153846 0.210625 0.09153500000000002 0.12624999999999997
0 0.35417646153846155 0.305 0.16437000000000004 0.188125
0 0.34161992307692307 0.57984375 0.12893700000000005 0.18062500000000004
0 0.47646292307692306 0.7378125 0.12893700000000002 0.14187499999999997
0 0.4903090769230769 0.2083984375 0.15551200000000004 0.155
0 0.49049076923076923 0.443125 0.13976399999999994 0.15749999999999997
0 0.6306181538461538 0.330859375 0.10826699999999995 0.13687499999999997
0 0.636772 0.61375 0.12106299999999998 0.125
0 0.760663076923077 0.74375 0.11515799999999987 0.12624999999999997
0 0.7775861538461539 0.4558203125 0.15059099999999997 0.15187499999999998
