2 0.6980648688046647 0.1354398125 0.29 0.103766
2 0.2193294460641399 0.8054513125 0.21875 0.08953999999999995
2 0.2135058309037901 0.27323431249999997 0.17249999999999996 0.08953900000000001
2 0.2647594752186589 0.6737949375 0.15625 0.10878600000000005
2 0.47264212827988333 0.3948575625 0.31875 0.12719600000000003
2 0.4834730320699709 0.53167825 0.33125000000000004 0.133054
2 0.47452259475218656 0.79527625 0.29375000000000007 0.13472799999999996
2 0.48952259475218657 0.27630493749999996 0.29375 0.108787
2 0.4828607871720117 0.6662653125 0.26875 0.120502
2 0.4464212827988338 0.156500375 0.18 0.10711300000000001
2 0.7505758017492711 0.641303625 0.23625 0.14476999999999995
2 0.7582871720116617 0.80280175 0.22375 0.087866
2 0.7620444606413995 0.2386400625 0.18749999999999992 0.049372
2 0.771213556851312 0.328881625 0.17500000000000002 0.082845
