0 0.701491 0.65958 0.191591 0.189374 0.852284
0 0.444193 0.654611 0.218604 0.216351 0.85144
0 0.193425 0.666402 0.283171 0.223357 0.833629
0 0.874058 0.491414 0.153216 0.170776 0.713425
0 0.0905327 0.121881 0.153929 0.117932 0.680824
0 0.550798 0.359068 0.717673 0.245627 0.595275
0 0.0756294 0.947357 0.113966 0.104832 0.413324
0 0.872685 0.630311 0.121631 0.123167 0.381714
2 0.546468 0.144382 0.228617 0.173789 0.377988
0 0.92831 0.920734 0.126707 0.106854 0.371777
0 0.606128 0.959899 0.142732 0.0800262 0.369723
2 0.731143 0.114366 0.178949 0.124428 0.339646
0 0.766508 0.955817 0.115444 0.0883663 0.331954
2 0.928312 0.923264 0.122723 0.105139 0.258118
0 0.0695887 0.473463 0.136344 0.18514 0.256072
