0 0.788014 0.551441 0.161406 0.166881 0.878321
0 0.339034 0.719381 0.219026 0.224651 0.851401
0 0.591388 0.726469 0.174598 0.192946 0.812623
0 0.103766 0.727181 0.207531 0.227684 0.806433
0 0.501871 0.418755 0.921488 0.241471 0.794171
0 0.949139 0.790296 0.101722 0.11125 0.664567
0 0.676936 0.176988 0.161699 0.126769 0.529156
0 0.782618 0.704018 0.121775 0.139482 0.517902
0 0.488988 0.207721 0.218696 0.171557 0.458116
0 0.248916 0.192082 0.223124 0.139437 0.435366
0 0.897453 0.666566 0.101445 0.0905806 0.416426
2 0.247546 0.190796 0.225475 0.137947 0.354133
0 0.497451 0.609086 0.111533 0.0773273 0.350476
0 0.613312 0.89995 0.0962727 0.131223 0.288901
2 0.808298 0.97249 0.135855 0.0549583 0.284506
