0 0.666056 0.457247 0.178774 0.0945985 0.857298
0 0.231278 0.533994 0.167227 0.171236 0.797303
0 0.69126 0.337641 0.152013 0.114245 0.69062
0 0.854855 0.418688 0.147096 0.0819221 0.681876
0 0.377407 0.767125 0.114235 0.107026 0.597587
0 0.726103 0.228507 0.11571 0.0927513 0.557361
0 0.704371 0.744317 0.101758 0.0813089 0.480081
0 0.817414 0.303395 0.102541 0.0943161 0.434306
0 0.833327 0.519686 0.15228 0.0967558 0.394944
0 0.587113 0.798831 0.100662 0.0847654 0.37984
2 0.934706 0.606083 0.130587 0.116417 0.368504
2 0.833567 0.519143 0.15234 0.0998413 0.363597
2 0.833267 0.698826 0.0939396 0.0711597 0.350852
2 0.849415 0.608536 0.0863936 0.0938997 0.314474
2 0.893339 0.604172 0.180688 0.104478 0.301403
2 0.952905 0.670562 0.09419 0.0845005 0.297558
0 0.535573 0.51411 0.120468 0.0925219 0.283376
2 0.846602 0.204601 0.103932 0.0859496 0.279977
0 0.328819 0.643803 0.101341 0.0841928 0.271661
0 0.159925 0.152203 0.185497 0.122394 0.261574
2 0.952831 0.60854 0.0943388 0.123151 0.256505
