0 0.674523 0.65128 0.222894 0.21912 0.861386
0 0.418603 0.657691 0.287511 0.228847 0.86019
0 0.921882 0.66249 0.154058 0.192892 0.794332
0 0.212539 0.633557 0.117992 0.11799 0.751853
0 0.171629 0.852509 0.0920511 0.0884075 0.664027
0 0.287888 0.942899 0.117307 0.105685 0.583356
0 0.0570331 0.716017 0.104891 0.0901105 0.547551
0 0.813387 0.136559 0.232133 0.170734 0.498861
0 0.316736 0.824473 0.0950617 0.113133 0.495376
0 0.788779 0.8351 0.0992459 0.12099 0.477106
0 0.0747778 0.599921 0.0925099 0.0865225 0.421766
