0 0.311629 0.681311 0.200281 0.218882 0.832055
0 0.551204 0.693739 0.166287 0.179205 0.828459
0 0.739052 0.533008 0.153786 0.162108 0.788259
0 0.513799 0.41137 0.972401 0.242901 0.751828
0 0.0980933 0.696754 0.196187 0.220692 0.748878
0 0.89156 0.753578 0.105024 0.0999409 0.715744
0 0.0590888 0.964748 0.100856 0.0681808 0.62554
0 0.462522 0.20652 0.216499 0.162868 0.592466
2 0.750843 0.948894 0.120633 0.101957 0.570475
2 0.236499 0.193974 0.211761 0.124088 0.480078
0 0.835403 0.638046 0.0962806 0.0832676 0.414318
0 0.244048 0.86494 0.0932859 0.14163 0.371355
0 0.731713 0.664958 0.119045 0.116327 0.355526
0 0.239294 0.192274 0.210417 0.124246 0.293416
0 0.902184 0.962455 0.0963969 0.0746725 0.287316
2 0.113175 0.864503 0.0720289 0.119669 0.282514
