0 0.311894 0.684919 0.201093 0.215809 0.850731
0 0.552071 0.694791 0.167466 0.180492 0.83988
0 0.740017 0.533504 0.157313 0.163188 0.801238
0 0.0951189 0.69843 0.190238 0.221186 0.785854
0 0.514132 0.411404 0.971736 0.243592 0.744981
0 0.893579 0.755186 0.105673 0.102504 0.709437
0 0.460974 0.206616 0.216833 0.161551 0.690174
2 0.752275 0.950729 0.121571 0.0984674 0.614145
0 0.0579142 0.965426 0.0999866 0.0665514 0.543233
0 0.903139 0.963144 0.0963416 0.0728436 0.466381
0 0.243719 0.8674 0.0950376 0.141594 0.435245
2 0.238386 0.192729 0.215402 0.12595 0.378482
0 0.24058 0.191545 0.212659 0.124838 0.375616
0 0.836482 0.638177 0.0969238 0.0818343 0.370093
0 0.733058 0.675231 0.120145 0.137455 0.358213
