0 0.799545 0.520838 0.193348 0.2014 0.783448
0 0.594244 0.734058 0.226747 0.231504 0.779531
0 0.454183 0.599249 0.134597 0.0985241 0.714675
2 0.611391 0.0683635 0.186667 0.13259 0.591964
0 0.295213 0.739842 0.268569 0.266451 0.579329
2 0.385528 0.101959 0.283397 0.202174 0.551464
0 0.487371 0.35765 0.948811 0.273183 0.520157
0 0.642801 0.578941 0.115794 0.0948454 0.504869
0 0.384819 0.102604 0.285703 0.203762 0.46745
0 0.909484 0.415957 0.0743105 0.0729061 0.465759
0 0.775488 0.0312667 0.140145 0.062429 0.427775
2 0.635626 0.934428 0.117597 0.131144 0.407956
2 0.805181 0.128616 0.203221 0.117449 0.4046
0 0.804764 0.697436 0.146978 0.147434 0.398627
0 0.941634 0.656113 0.109992 0.104954 0.264233
