0 0.35212 0.715006 0.216738 0.229249 0.866983
0 0.515805 0.416489 0.913923 0.240497 0.8428
0 0.808365 0.555166 0.159043 0.170736 0.840019
0 0.116016 0.724828 0.232033 0.231761 0.806436
0 0.61452 0.727974 0.181568 0.192128 0.788521
0 0.515177 0.205969 0.229048 0.177273 0.726553
0 0.514318 0.610035 0.116073 0.0866657 0.56699
0 0.26963 0.190289 0.220512 0.141496 0.527793
0 0.459302 0.897776 0.108959 0.115649 0.478801
0 0.917637 0.668103 0.0916897 0.0899808 0.437666
0 0.79954 0.695716 0.124537 0.124085 0.401205
2 0.817923 0.972702 0.133184 0.0545954 0.390183
0 0.0661706 0.183261 0.129565 0.126911 0.343365
0 0.703316 0.174115 0.165536 0.124654 0.341242
0 0.281378 0.909338 0.109265 0.150385 0.334134
0 0.625032 0.899879 0.0867786 0.128494 0.332677
0 0.823987 0.973797 0.127514 0.0524067 0.26486
