0 0.588206 0.717875 0.172565 0.185308 0.853628
0 0.337733 0.710375 0.209401 0.228164 0.84415
0 0.780564 0.546773 0.155753 0.16447 0.8301
0 0.526971 0.420706 0.935827 0.24461 0.828576
0 0.106347 0.717584 0.207708 0.227197 0.815362
0 0.881563 0.659656 0.100674 0.085368 0.745414
0 0.771613 0.688854 0.125652 0.115069 0.570253
0 0.496842 0.207885 0.221967 0.166469 0.567649
0 0.939968 0.785046 0.112513 0.110882 0.567232
0 0.597418 0.888171 0.0954944 0.12424 0.472486
2 0.794018 0.966026 0.12816 0.0679487 0.456541
0 0.494948 0.604184 0.112016 0.0790026 0.4531
0 0.438678 0.883008 0.104058 0.108525 0.370391
2 0.256821 0.196057 0.220454 0.129724 0.33877
2 0.268279 0.896028 0.0943182 0.146357 0.338025
0 0.280371 0.53598 0.0671663 0.066012 0.294041
0 0.408011 0.555034 0.0880813 0.0799928 0.252578
