0 0.138243 0.492711 0.166546 0.171662 0.855307
0 0.57851 0.416517 0.174253 0.09653 0.847133
0 0.769455 0.373945 0.143985 0.0827256 0.805526
0 0.726638 0.256733 0.104409 0.0961254 0.772385
0 0.613718 0.700118 0.102207 0.0823757 0.721556
0 0.284584 0.724757 0.109261 0.105761 0.702123
2 0.482256 0.962603 0.219439 0.0733917 0.700187
0 0.603436 0.295301 0.152694 0.120926 0.690603
0 0.872557 0.287878 0.101124 0.166686 0.683748
0 0.5867 0.589346 0.0981128 0.0701217 0.669481
0 0.644939 0.183415 0.114138 0.0973642 0.666346
0 0.743304 0.47565 0.15064 0.0904903 0.655651
0 0.881663 0.322921 0.0916696 0.089837 0.653521
0 0.237114 0.605076 0.098879 0.0880598 0.622097
0 0.113263 0.64668 0.12331 0.137908 0.615503
2 0.816894 0.938459 0.125958 0.100702 0.599098
2 0.865025 0.150476 0.199748 0.0975838 0.58634
2 0.766366 0.156243 0.119895 0.0955613 0.577089
0 0.447913 0.476875 0.121238 0.0965652 0.574328
2 0.516723 0.96166 0.31471 0.0752674 0.57365
0 0.356972 0.57388 0.0931165 0.079417 0.533259
2 0.944379 0.90337 0.101323 0.0775599 0.506701
2 0.397105 0.960403 0.373533 0.0791941 0.482021
2 0.844404 0.713572 0.0808802 0.0770319 0.477403
2 0.836709 0.558292 0.16435 0.104144 0.451248
2 0.761724 0.85075 0.105828 0.0840393 0.44087
2 0.214355 0.164705 0.164368 0.0938929 0.436205
2 0.236305 0.858884 0.0975339 0.0940481 0.431648
2 0.158845 0.775081 0.045069 0.0829222 0.415423
2 0.880563 0.811331 0.0791083 0.106276 0.412955
2 0.470889 0.217135 0.124945 0.0804217 0.407578
2 0.86074 0.5567 0.110309 0.098208 0.400524
0 0.494559 0.755178 0.0961205 0.0890936 0.375309
0 0.397645 0.682822 0.0807767 0.0696266 0.366813
2 0.352971 0.9534 0.254487 0.0920258 0.35323
2 0.28607 0.952756 0.109728 0.0913366 0.351301
0 0.861954 0.438306 0.0943356 0.0598538 0.347473
2 0.0595572 0.817242 0.0709167 0.102917 0.335863
0 0.495448 0.644808 0.0735243 0.0674318 0.333231
2 0.405266 0.893293 0.0888662 0.0699261 0.332509
0 0.585795 0.506253 0.0896873 0.0656797 0.332155
2 0.6468 0.905536 0.142421 0.134316 0.300696
2 0.399743 0.142154 0.128555 0.093879 0.283054
