0 0.56717 0.541685 0.165399 0.165134 0.842667
0 0.369803 0.711804 0.175687 0.187329 0.787596
0 0.114887 0.713091 0.212471 0.224095 0.751284
2 0.579887 0.966012 0.134207 0.0679754 0.569637
0 0.554182 0.686899 0.123443 0.121654 0.56408
0 0.726204 0.774666 0.107708 0.105915 0.500881
2 0.0465964 0.910496 0.0808928 0.164625 0.394978
0 0.189551 0.554685 0.0949649 0.0799658 0.369203
2 0.814355 0.855859 0.095557 0.0946709 0.360163
0 0.868272 0.524929 0.121522 0.0926887 0.299677
0 0.277366 0.199176 0.222816 0.172598 0.270316
