0 0.646884 0.639622 0.280306 0.226242 0.882771
0 0.894694 0.633182 0.208786 0.223455 0.843368
0 0.155957 0.71477 0.159639 0.0974107 0.593171
0 0.405638 0.828659 0.0998698 0.089308 0.561025
0 0.445303 0.609511 0.111581 0.112991 0.549906
0 0.501007 0.444083 0.215831 0.189275 0.546094
0 0.287244 0.695799 0.102394 0.09161 0.525333
0 0.161114 0.613463 0.0771152 0.0726076 0.395274
0 0.52546 0.919055 0.106059 0.106329 0.370856
0 0.553063 0.0918777 0.160043 0.118044 0.351395
2 0.76953 0.103157 0.218471 0.137245 0.328859
0 0.11308 0.383785 0.132476 0.102912 0.328078
0 0.298474 0.578369 0.0931935 0.0879715 0.317191
2 0.258099 0.964672 0.19764 0.0702265 0.303525
0 0.0855745 0.249583 0.109898 0.0784132 0.284313
