0 0.60651 0.732015 0.225248 0.2349 0.804927
0 0.8114 0.514465 0.19415 0.202563 0.798027
0 0.496423 0.359631 0.94035 0.291076 0.742369
0 0.352944 0.539822 0.111655 0.0972015 0.688207
0 0.926779 0.411848 0.0880093 0.0766603 0.674406
0 0.465007 0.593731 0.137034 0.0983209 0.625384
0 0.391355 0.100228 0.281434 0.199228 0.622165
2 0.799881 0.910722 0.0775391 0.118669 0.555431
0 0.300498 0.7318 0.265641 0.27037 0.546085
0 0.946656 0.651231 0.106688 0.106155 0.50678
0 0.814557 0.697505 0.143225 0.153774 0.456205
0 0.650077 0.57326 0.124446 0.0930187 0.433294
0 0.797197 0.028616 0.137355 0.0571887 0.350557
2 0.896405 0.856112 0.074539 0.0958729 0.341452
2 0.457343 0.937914 0.146391 0.123854 0.322629
2 0.620793 0.0654572 0.186327 0.130914 0.268544
2 0.648654 0.932774 0.119312 0.134451 0.261223
0 0.815006 0.12318 0.197363 0.114205 0.254241
