0 0.537733 0.358919 0.909352 0.301955 0.845814
0 0.660322 0.730544 0.218657 0.238697 0.822055
0 0.151163 0.0796573 0.280775 0.156743 0.708047
0 0.410579 0.532488 0.111379 0.0917704 0.704131
0 0.356007 0.727795 0.271689 0.27866 0.696963
0 0.877324 0.515018 0.206976 0.210579 0.693575
0 0.101606 0.744659 0.195343 0.281149 0.665485
0 0.108854 0.581617 0.105439 0.090934 0.641427
0 0.883625 0.117785 0.195863 0.111274 0.633081
0 0.524413 0.59118 0.140014 0.10186 0.632478
0 0.87786 0.689427 0.152255 0.146886 0.581419
0 0.454073 0.0972521 0.310808 0.193219 0.554143
0 0.714779 0.57048 0.118163 0.0917253 0.55174
2 0.852286 0.90863 0.0809157 0.121322 0.489862
0 0.860115 0.0270648 0.134231 0.0538427 0.471275
0 0.506423 0.935711 0.133216 0.128408 0.396016
0 0.687774 0.0654951 0.194202 0.130848 0.317983
0 0.250962 0.50617 0.0684726 0.0719557 0.314661
2 0.959616 0.85486 0.0727193 0.095262 0.311805
2 0.704362 0.930147 0.11471 0.139706 0.264171
0 0.760188 0.219555 0.121049 0.148884 0.252979
