0 0.184498 0.520728 0.169033 0.171677 0.854257
0 0.623983 0.44255 0.175982 0.0952612 0.84703
0 0.810709 0.403601 0.145674 0.0851116 0.824389
0 0.644794 0.323781 0.150738 0.11813 0.793976
0 0.682955 0.213929 0.114769 0.0949384 0.770202
0 0.770056 0.284941 0.105335 0.0932661 0.745023
0 0.329572 0.753401 0.110802 0.10836 0.744508
0 0.657474 0.727525 0.102303 0.0832413 0.722109
0 0.788245 0.504415 0.15145 0.0932368 0.680034
0 0.632313 0.616386 0.0976544 0.0695974 0.603939
0 0.403981 0.601741 0.0990164 0.0825026 0.577145
0 0.491871 0.504085 0.119742 0.0958255 0.572556
0 0.916697 0.314492 0.114779 0.163388 0.564305
2 0.511349 0.977553 0.154687 0.0446995 0.562877
0 0.15922 0.680667 0.121112 0.150188 0.546047
0 0.283283 0.631552 0.0990392 0.088146 0.502733
0 0.694599 0.932877 0.147706 0.134246 0.48152
0 0.62881 0.536813 0.0913219 0.0656181 0.471417
0 0.56477 0.869067 0.106207 0.0684979 0.470451
0 0.538114 0.782566 0.0924788 0.0901838 0.446988
0 0.413262 0.832063 0.0897212 0.0935516 0.425017
2 0.324735 0.966518 0.109795 0.0669641 0.405563
2 0.280233 0.886262 0.0978143 0.0922413 0.39691
0 0.921932 0.348815 0.0885081 0.084996 0.369985
2 0.887658 0.742117 0.0758241 0.0795834 0.346161
0 0.540213 0.673539 0.0752735 0.0697998 0.281718
0 0.913358 0.651962 0.113491 0.0867353 0.264188
