0 0.351557 0.715229 0.215651 0.227925 0.86602
0 0.806341 0.556931 0.161076 0.167934 0.859402
0 0.117555 0.724613 0.230824 0.225883 0.82434
0 0.511738 0.418705 0.917789 0.23968 0.814191
0 0.612462 0.727881 0.184957 0.192864 0.777131
0 0.518788 0.20587 0.22833 0.171214 0.728344
0 0.456863 0.894337 0.104725 0.111541 0.656401
0 0.915064 0.669052 0.0882531 0.088954 0.514837
0 0.513206 0.607578 0.116795 0.0814228 0.476504
0 0.796856 0.695673 0.124436 0.124327 0.47226
0 0.62215 0.89993 0.0902518 0.129606 0.458757
0 0.28004 0.907845 0.111469 0.149122 0.403489
2 0.813152 0.972625 0.147296 0.0547508 0.378973
0 0.273561 0.192406 0.220861 0.140986 0.377457
2 0.270457 0.203243 0.221092 0.115886 0.356017
0 0.0663627 0.185327 0.1313 0.12504 0.353555
0 0.956808 0.791551 0.0863837 0.11108 0.324259
0 0.932445 0.927101 0.0971887 0.0917961 0.311497
0 0.702605 0.175854 0.162456 0.120103 0.275882
