0 0.140569 0.494268 0.167047 0.171414 0.861084
0 0.584523 0.417293 0.174157 0.096537 0.830976
0 0.771167 0.376683 0.14728 0.0846719 0.816704
0 0.285509 0.728162 0.111291 0.107951 0.765306
0 0.617566 0.701353 0.096304 0.0832716 0.726975
0 0.645767 0.185914 0.114316 0.0951645 0.712679
2 0.486248 0.964256 0.205413 0.0703487 0.712586
0 0.604214 0.297248 0.155404 0.12198 0.696154
0 0.728077 0.258592 0.102216 0.0944977 0.687511
0 0.11441 0.652568 0.122627 0.145987 0.672366
0 0.590924 0.589929 0.0988898 0.0689159 0.668566
0 0.872334 0.289759 0.100633 0.167532 0.655261
0 0.239663 0.606559 0.0994264 0.0895383 0.648158
0 0.746462 0.478855 0.15165 0.0924778 0.631221
0 0.882565 0.32521 0.0911099 0.0909179 0.611577
0 0.360147 0.576453 0.0996813 0.0816673 0.60947
0 0.448481 0.478642 0.120307 0.0966501 0.603197
2 0.522328 0.96295 0.302401 0.0726761 0.560612
2 0.817807 0.939975 0.127706 0.101681 0.525128
2 0.949187 0.908164 0.0962601 0.0803055 0.500026
2 0.235799 0.861615 0.0999186 0.0948952 0.462415
2 0.843742 0.716914 0.0751892 0.0796877 0.457041
2 0.886343 0.810498 0.0825472 0.11244 0.450817
2 0.160613 0.777104 0.0509067 0.0828524 0.440174
2 0.286187 0.9538 0.109652 0.089576 0.427593
2 0.762487 0.853485 0.107738 0.0858627 0.402798
2 0.410014 0.963003 0.345311 0.0728996 0.402672
2 0.217101 0.167594 0.166304 0.0972809 0.402021
2 0.769762 0.155368 0.120325 0.100493 0.397052
0 0.39937 0.684083 0.0799678 0.0703721 0.392103
2 0.651128 0.907551 0.152717 0.133793 0.381601
2 0.83202 0.155642 0.251933 0.100073 0.378112
0 0.49652 0.646295 0.0740904 0.0677401 0.37765
2 0.0606437 0.819479 0.071312 0.100373 0.366788
0 0.586687 0.51024 0.0922672 0.0693113 0.362784
0 0.86274 0.441584 0.0950005 0.0620883 0.339885
0 0.518786 0.843176 0.104457 0.0697304 0.322752
2 0.864064 0.542055 0.116984 0.0704222 0.312759
0 0.496447 0.756788 0.0966437 0.0900538 0.297819
2 0.369256 0.806378 0.0938741 0.0949429 0.286684
0 0.477346 0.564343 0.0919423 0.0740619 0.278258
2 0.406232 0.895232 0.0862953 0.0720203 0.273029
0 0.868333 0.626002 0.108047 0.0842358 0.269684
