0 0.495375 0.717862 0.175418 0.186087 0.839578
0 0.239829 0.704474 0.222252 0.256856 0.828619
0 0.68848 0.546817 0.160715 0.169808 0.794031
0 0.852986 0.780792 0.109264 0.108972 0.742234
0 0.508474 0.417442 0.911988 0.247077 0.695329
2 0.153844 0.188373 0.231147 0.137245 0.643957
2 0.712494 0.966829 0.133834 0.066341 0.5141
2 0.581848 0.169807 0.158612 0.119366 0.480117
0 0.679515 0.686933 0.120216 0.115963 0.426801
0 0.312165 0.555215 0.0906316 0.0711816 0.405447
0 0.400232 0.603636 0.107462 0.0789916 0.386619
0 0.395774 0.201774 0.220107 0.167573 0.368266
0 0.909839 0.627066 0.0893476 0.0770856 0.331642
0 0.872008 0.531179 0.082982 0.104771 0.280355
