0 0.0994406 0.68639 0.194472 0.206116 0.830661
0 0.312922 0.671561 0.192449 0.221477 0.819374
0 0.548882 0.687488 0.166199 0.177094 0.736538
0 0.880365 0.743644 0.101952 0.100077 0.714095
0 0.728565 0.531038 0.150942 0.160359 0.684393
0 0.0646308 0.960271 0.106728 0.0789944 0.555186
0 0.826241 0.633351 0.0864234 0.081328 0.511784
0 0.510812 0.407531 0.978376 0.225435 0.483642
2 0.238252 0.197401 0.211798 0.120966 0.481563
2 0.900819 0.51782 0.0860267 0.106539 0.452523
0 0.741987 0.936138 0.11922 0.100295 0.395809
2 0.633963 0.184662 0.147361 0.112447 0.365739
2 0.683741 0.821745 0.0637275 0.0928459 0.346143
2 0.887614 0.290225 0.0834896 0.0543396 0.303177
2 0.236037 0.968015 0.150945 0.0639694 0.300514
0 0.461027 0.212297 0.213668 0.158448 0.258968
