0 0.828522 0.645049 0.229058 0.220645 0.862778
0 0.566127 0.648929 0.29144 0.230931 0.833042
0 0.365739 0.622695 0.115561 0.11441 0.726603
0 0.224664 0.590275 0.0968942 0.0908709 0.651735
0 0.48202 0.102632 0.15383 0.118128 0.641265
0 0.21144 0.707497 0.0992807 0.0928841 0.633191
0 0.0779426 0.728188 0.145907 0.0946838 0.592092
0 0.325147 0.840665 0.100423 0.0926052 0.502444
0 0.18683 0.804075 0.10521 0.0885408 0.457794
0 0.91834 0.123924 0.161365 0.179242 0.434905
0 0.840747 0.307045 0.318505 0.156978 0.336192
2 0.158344 0.971342 0.177192 0.0568813 0.292069
0 0.345959 0.748752 0.0651734 0.0751825 0.281717
