0 0.752668 0.550587 0.168232 0.168861 0.904458
0 0.302645 0.715099 0.218102 0.222284 0.808588
0 0.560588 0.72411 0.185723 0.190751 0.798166
0 0.452944 0.205309 0.219805 0.175365 0.714037
0 0.0831965 0.72659 0.153889 0.226307 0.683275
0 0.641489 0.175664 0.158894 0.125178 0.634969
0 0.918631 0.787318 0.112921 0.111531 0.616549
0 0.521311 0.411613 0.922039 0.237399 0.579368
0 0.396921 0.409224 0.680907 0.224121 0.563452
0 0.857728 0.661022 0.103397 0.090377 0.533034
0 0.88738 0.92054 0.0875454 0.092449 0.38682
0 0.739858 0.694475 0.121254 0.120931 0.377611
0 0.574381 0.894741 0.0920456 0.125034 0.262873
