0 0.289931 0.714556 0.222175 0.226969 0.824709
0 0.541818 0.721367 0.174083 0.186891 0.817633
0 0.517749 0.418877 0.964502 0.245071 0.811152
0 0.735127 0.54833 0.164802 0.169808 0.808393
0 0.900231 0.783877 0.109842 0.108025 0.704435
0 0.437876 0.202868 0.221042 0.168492 0.651491
0 0.0793149 0.723707 0.154838 0.223901 0.649342
0 0.195584 0.189077 0.225429 0.13848 0.494985
0 0.355899 0.557774 0.0924768 0.0747081 0.460789
0 0.727824 0.690518 0.126028 0.11719 0.453902
0 0.445003 0.608401 0.107526 0.0751144 0.432893
2 0.756027 0.970433 0.129144 0.0591217 0.380211
0 0.760687 0.970256 0.133361 0.0594873 0.307285
0 0.39164 0.892033 0.101628 0.113359 0.295271
0 0.556922 0.894969 0.0927061 0.127844 0.292082
0 0.224838 0.531354 0.0613207 0.053491 0.280208
0 0.599346 0.594953 0.100249 0.0649602 0.256812
