0 0.803322 0.553325 0.162532 0.17311 0.851261
0 0.115165 0.726399 0.227536 0.22915 0.8352
0 0.350304 0.715521 0.217456 0.226563 0.830658
0 0.527582 0.413169 0.880586 0.229536 0.830534
0 0.613771 0.72691 0.192913 0.191869 0.763829
0 0.504076 0.204891 0.22951 0.177917 0.738757
0 0.509117 0.607753 0.115856 0.0803112 0.464319
2 0.821651 0.972716 0.133848 0.0545521 0.433121
0 0.457487 0.896433 0.106926 0.115408 0.429556
2 0.262471 0.190128 0.226959 0.139478 0.427621
0 0.262294 0.190622 0.222586 0.14079 0.395003
0 0.696256 0.177006 0.171258 0.127488 0.380804
2 0.612618 0.727911 0.190892 0.191499 0.339751
0 0.957503 0.790841 0.084994 0.110133 0.309572
0 0.795164 0.695422 0.125808 0.124866 0.306628
0 0.281408 0.908125 0.110726 0.148361 0.297809
0 0.622966 0.900045 0.0903305 0.130861 0.268099
0 0.42173 0.5589 0.0914163 0.0726619 0.264163
