0 0.349941 0.713445 0.215651 0.2277 0.863911
0 0.800341 0.556696 0.163036 0.16673 0.852321
0 0.117133 0.72268 0.228739 0.223357 0.835296
0 0.609955 0.72583 0.192724 0.191291 0.815848
0 0.507588 0.412214 0.928424 0.221786 0.806059
0 0.450905 0.89296 0.097271 0.118646 0.641842
2 0.269909 0.217278 0.21596 0.0902159 0.627786
0 0.952694 0.790137 0.0946116 0.111251 0.585205
2 0.697796 0.178857 0.164179 0.121657 0.56415
0 0.619593 0.896836 0.0950446 0.129107 0.53187
0 0.509098 0.606355 0.114079 0.0787573 0.49313
0 0.902126 0.665143 0.101682 0.0894468 0.486236
0 0.278789 0.905243 0.110301 0.149091 0.460033
0 0.786904 0.695764 0.122858 0.124627 0.434961
0 0.930576 0.925729 0.089456 0.0922604 0.429663
0 0.423663 0.558106 0.0894409 0.0753244 0.316066
0 0.810186 0.971548 0.125873 0.0569044 0.280125
2 0.272226 0.19559 0.215614 0.134285 0.265387
