0 0.773574 0.546636 0.156105 0.164353 0.866299
0 0.583153 0.715614 0.16947 0.184155 0.857621
0 0.33499 0.706383 0.210541 0.217806 0.843162
0 0.509609 0.421684 0.910016 0.247028 0.841308
0 0.106171 0.716698 0.208457 0.224919 0.808902
0 0.878954 0.659419 0.100593 0.0871579 0.764826
0 0.936768 0.782051 0.113471 0.107466 0.592985
2 0.783493 0.96553 0.13847 0.0689401 0.580174
0 0.405023 0.553848 0.0867166 0.0754398 0.52691
2 0.265457 0.890165 0.0933805 0.141092 0.503689
0 0.490063 0.207865 0.215723 0.170822 0.497944
0 0.491223 0.601295 0.111818 0.0809837 0.495555
0 0.764066 0.688682 0.11681 0.118683 0.459831
0 0.674046 0.181018 0.15057 0.118893 0.369085
0 0.591669 0.886756 0.0994381 0.131655 0.356532
0 0.642116 0.591535 0.0967797 0.0703056 0.308706
2 0.12221 0.889035 0.0775842 0.118566 0.293165
2 0.947407 0.97886 0.0911784 0.0407036 0.290326
0 0.43517 0.881512 0.102073 0.113318 0.277617
