0 0.798078 0.55475 0.160309 0.165437 0.88531
0 0.348975 0.713624 0.215772 0.22757 0.858398
0 0.117128 0.722717 0.227986 0.225192 0.829502
0 0.512015 0.410479 0.908841 0.215861 0.80615
0 0.605565 0.724666 0.186052 0.189406 0.798159
2 0.694118 0.180747 0.159501 0.118981 0.68788
0 0.951542 0.78927 0.0969155 0.109394 0.644839
0 0.448526 0.891739 0.0971572 0.11699 0.643004
0 0.90065 0.664394 0.10134 0.0887739 0.582305
0 0.278708 0.903746 0.105533 0.147036 0.56168
2 0.267934 0.219894 0.21653 0.0852822 0.543353
0 0.504892 0.606034 0.112412 0.0779213 0.510394
0 0.617862 0.895459 0.0951999 0.128573 0.423826
0 0.785042 0.698937 0.122566 0.130563 0.405949
0 0.809767 0.970907 0.129803 0.0581852 0.39218
0 0.923588 0.921258 0.0965376 0.0881458 0.356109
2 0.848612 0.235298 0.161209 0.0913885 0.27367
2 0.838363 0.15493 0.136166 0.0659855 0.25872
