0 0.46136 0.656654 0.286952 0.224553 0.870097
0 0.713164 0.650571 0.220526 0.218802 0.847826
0 0.249729 0.636411 0.12241 0.128851 0.748644
0 0.111386 0.600185 0.0988647 0.0876614 0.657738
0 0.210557 0.851705 0.100367 0.0889153 0.621794
0 0.847614 0.133874 0.233582 0.171812 0.523608
0 0.0657601 0.813332 0.114928 0.0877628 0.513643
0 0.0878147 0.71611 0.115679 0.0915461 0.468954
0 0.355092 0.820123 0.0971323 0.108525 0.45266
0 0.329227 0.941463 0.115444 0.107488 0.37485
0 0.327371 0.466489 0.165633 0.182696 0.368621
0 0.382667 0.113848 0.15681 0.12321 0.257253
