0 0.690153 0.736004 0.231453 0.237753 0.872419
0 0.514516 0.363889 0.949052 0.304612 0.848014
0 0.89663 0.519287 0.194191 0.211285 0.802279
0 0.122375 0.747023 0.235557 0.28216 0.782547
0 0.548613 0.592759 0.139771 0.0923391 0.731448
0 0.381903 0.737029 0.271305 0.274793 0.720356
0 0.178162 0.0825165 0.271969 0.163159 0.693087
0 0.481201 0.100002 0.277676 0.19909 0.648156
0 0.131604 0.583674 0.0933383 0.0924027 0.604127
0 0.904021 0.698948 0.154024 0.146463 0.597419
0 0.740025 0.575927 0.128789 0.0930872 0.587633
0 0.435664 0.53677 0.111806 0.090014 0.566212
0 0.52404 0.937482 0.126405 0.117547 0.538508
2 0.71321 0.0655678 0.188447 0.131136 0.478189
2 0.892164 0.0303399 0.147808 0.0588124 0.313033
0 0.272046 0.510193 0.075757 0.0769028 0.309879
0 0.726608 0.934351 0.111445 0.131299 0.304861
2 0.905685 0.123488 0.187475 0.115022 0.271132
0 0.0439258 0.473095 0.0837315 0.0792143 0.253763
