0 0.789845 0.527412 0.200017 0.203052 0.865987
2 0.598201 0.0711098 0.192032 0.140094 0.756402
0 0.279348 0.744185 0.272742 0.284877 0.710112
0 0.459741 0.364603 0.877725 0.268397 0.706604
0 0.57868 0.741694 0.218158 0.229596 0.626999
2 0.771615 0.920226 0.0802738 0.126009 0.525997
0 0.795399 0.135246 0.197734 0.116241 0.513092
0 0.90167 0.422984 0.0781806 0.0770741 0.505606
0 0.328476 0.547579 0.109651 0.0923031 0.463618
0 0.629842 0.582497 0.113892 0.0933426 0.43546
0 0.443113 0.60824 0.136389 0.0911566 0.385479
2 0.372837 0.104774 0.269928 0.208168 0.379311
0 0.92941 0.65742 0.102283 0.101962 0.365417
2 0.627801 0.937095 0.119731 0.12581 0.314699
2 0.580801 0.743671 0.224344 0.232075 0.260813
