0 0.674412 0.685019 0.176951 0.189809 0.878286
0 0.161866 0.698216 0.277018 0.232757 0.868203
0 0.421069 0.68677 0.229478 0.23374 0.856136
0 0.855591 0.514028 0.161677 0.168465 0.792727
0 0.61392 0.382095 0.750864 0.256467 0.687403
0 0.0508347 0.96477 0.101669 0.0697056 0.610632
0 0.914135 0.951428 0.128946 0.0971443 0.594082
0 0.710192 0.862954 0.0934509 0.135798 0.580123
0 0.754773 0.972478 0.114869 0.0547752 0.579804
2 0.711744 0.129953 0.1647 0.12417 0.57533
0 0.372409 0.86032 0.106005 0.120845 0.519246
0 0.0687752 0.862068 0.0974273 0.109557 0.462705
2 0.522207 0.161966 0.232784 0.170586 0.435634
0 0.855637 0.667299 0.125655 0.142669 0.386952
0 0.580939 0.97899 0.134218 0.0414444 0.385874
0 0.193254 0.975401 0.106652 0.0485805 0.354487
0 0.544134 0.858111 0.108787 0.112109 0.340286
0 0.227399 0.867361 0.0783551 0.11719 0.337999
