0 0.352225 0.715857 0.216446 0.227454 0.873043
0 0.808321 0.555242 0.158681 0.172018 0.845767
0 0.507159 0.417522 0.909405 0.242865 0.84345
0 0.116286 0.72383 0.232572 0.22965 0.807294
0 0.614631 0.727943 0.181667 0.192039 0.798086
0 0.514559 0.205794 0.229902 0.177287 0.75957
0 0.513413 0.60669 0.117004 0.0830444 0.614891
0 0.269405 0.190579 0.219673 0.14194 0.542013
0 0.459177 0.897346 0.109237 0.114705 0.460045
0 0.702591 0.174198 0.167303 0.125732 0.437188
0 0.917597 0.668148 0.0924051 0.0902086 0.422889
2 0.817164 0.972521 0.134442 0.0549583 0.377688
0 0.625686 0.900012 0.0868562 0.128965 0.37413
0 0.800123 0.696484 0.125525 0.126291 0.365977
0 0.281662 0.909181 0.108006 0.150261 0.314755
0 0.0664202 0.182765 0.129442 0.128036 0.289484
