0 0.696859 0.617568 0.282243 0.222261 0.885034
0 0.349668 0.556017 0.0999575 0.0883419 0.845465
0 0.494533 0.589017 0.113534 0.111814 0.814683
0 0.205609 0.693483 0.153311 0.098457 0.766937
0 0.459612 0.806043 0.102425 0.0916893 0.760583
0 0.339493 0.673159 0.102384 0.0865211 0.760159
0 0.549874 0.422729 0.204494 0.195495 0.67529
0 0.127519 0.225778 0.110559 0.0770205 0.671907
0 0.20887 0.589071 0.0824307 0.0722525 0.670737
0 0.319979 0.770704 0.10886 0.0875535 0.631115
0 0.11067 0.560568 0.0932895 0.0833046 0.629698
0 0.304928 0.859802 0.0878579 0.076263 0.584365
0 0.156064 0.361083 0.133296 0.10542 0.581549
0 0.474606 0.713927 0.0650171 0.0749023 0.566956
0 0.0656364 0.649571 0.111572 0.0764212 0.559207
0 0.148397 0.892276 0.0984046 0.138868 0.549292
0 0.454351 0.904767 0.113736 0.0936329 0.543793
0 0.307964 0.953324 0.181694 0.0926723 0.508541
0 0.927306 0.616134 0.145388 0.231008 0.391493
0 0.905957 0.801394 0.105895 0.147329 0.363197
0 0.144885 0.466612 0.0987936 0.0765413 0.350764
0 0.256132 0.503706 0.0823162 0.0823114 0.328268
0 0.890427 0.270895 0.204268 0.161877 0.322097
0 0.615511 0.418139 0.349799 0.197717 0.321447
2 0.310423 0.952933 0.185829 0.0941334 0.312777
0 0.160882 0.788402 0.0809778 0.0650709 0.304222
0 0.582728 0.898018 0.101506 0.108308 0.284387
0 0.055127 0.765573 0.0997305 0.0782146 0.268132
0 0.481281 0.977973 0.134588 0.044055 0.255333
