0 0.145398 0.497529 0.166997 0.174049 0.858677
0 0.77743 0.379991 0.143982 0.0829922 0.845849
0 0.590847 0.421926 0.17513 0.0938683 0.844239
0 0.608871 0.301954 0.155236 0.121857 0.806149
0 0.291768 0.73428 0.11101 0.108822 0.790328
0 0.879694 0.294393 0.102277 0.162185 0.766578
0 0.749456 0.482579 0.149741 0.0953121 0.762127
2 0.488092 0.966404 0.201227 0.0667828 0.753473
0 0.623338 0.706947 0.103207 0.0843763 0.740981
0 0.646389 0.191223 0.112814 0.0949578 0.715955
0 0.120199 0.65472 0.12306 0.144048 0.672202
0 0.73421 0.263099 0.103945 0.097259 0.66256
0 0.595054 0.594921 0.0958084 0.067901 0.638063
0 0.452012 0.481793 0.116593 0.0951599 0.632772
0 0.877132 0.627649 0.113141 0.0894873 0.564694
0 0.365032 0.579116 0.101677 0.0791743 0.563729
0 0.247274 0.609033 0.094718 0.0879122 0.549053
2 0.657365 0.914167 0.151243 0.139499 0.453332
0 0.592281 0.515539 0.0979575 0.067444 0.444732
0 0.759269 0.575099 0.0767149 0.0822304 0.436441
0 0.506985 0.654677 0.0821379 0.0718752 0.414774
2 0.828258 0.945141 0.116149 0.0986504 0.414558
2 0.848325 0.718415 0.0794125 0.0828686 0.400879
2 0.410561 0.896408 0.0946442 0.0716957 0.363859
2 0.891091 0.815957 0.0810233 0.106704 0.363508
0 0.886178 0.329374 0.0907305 0.0862334 0.355309
0 0.865497 0.446494 0.0946674 0.064789 0.352482
0 0.404163 0.687348 0.0755595 0.0713203 0.349981
2 0.288399 0.954906 0.109721 0.0889816 0.336943
0 0.343836 0.230179 0.0978337 0.0748824 0.332204
0 0.502993 0.762298 0.0958001 0.0896355 0.330447
2 0.951533 0.918338 0.0969338 0.0954243 0.324837
2 0.883614 0.151611 0.13485 0.0910968 0.322491
2 0.16547 0.781671 0.0452909 0.0851491 0.319483
2 0.372578 0.80978 0.0911408 0.0939873 0.313503
2 0.0621505 0.82363 0.0773318 0.101526 0.305174
2 0.2418 0.864718 0.0970568 0.0938261 0.284594
0 0.404974 0.152254 0.122967 0.0944914 0.279917
2 0.764835 0.859816 0.113795 0.0877043 0.277234
2 0.22152 0.175523 0.167464 0.093485 0.271327
2 0.0793024 0.115773 0.152839 0.12735 0.25285
