0 0.589593 0.718461 0.172543 0.186897 0.861757
0 0.338766 0.711409 0.215781 0.226241 0.85273
0 0.106647 0.717687 0.209128 0.226162 0.818929
0 0.788284 0.547425 0.163356 0.167371 0.810197
0 0.515067 0.415643 0.918717 0.240898 0.807429
0 0.941997 0.784898 0.112335 0.109534 0.627036
0 0.770376 0.689313 0.121033 0.117397 0.595294
0 0.496926 0.207075 0.221819 0.166803 0.591981
0 0.883461 0.659992 0.104755 0.0851448 0.584705
0 0.599728 0.889015 0.0941508 0.122992 0.453269
0 0.496097 0.603748 0.110212 0.0791487 0.405952
2 0.796651 0.96652 0.12767 0.0669596 0.36461
2 0.258141 0.196012 0.221963 0.126961 0.336454
2 0.26871 0.89652 0.0947396 0.146934 0.323833
0 0.798066 0.966801 0.132653 0.065836 0.297869
2 0.952388 0.980671 0.0886023 0.0377396 0.292226
0 0.439358 0.882717 0.102968 0.106122 0.290755
