0 0.571477 0.74735 0.216644 0.231349 0.756423
0 0.318602 0.5556 0.109927 0.0937317 0.746151
2 0.591212 0.0772895 0.18803 0.154579 0.71556
0 0.27013 0.749925 0.281928 0.27186 0.683443
0 0.779357 0.536228 0.195105 0.204877 0.675415
0 0.430552 0.613394 0.134506 0.101815 0.625453
2 0.761366 0.92736 0.0793023 0.123239 0.571696
0 0.62284 0.588083 0.113946 0.0943974 0.568861
0 0.360641 0.106032 0.273411 0.203886 0.53595
0 0.503065 0.36953 0.973758 0.276999 0.503391
0 0.918763 0.667306 0.112807 0.107509 0.481842
0 0.885899 0.430069 0.0738085 0.0765097 0.478077
0 0.779192 0.710295 0.141436 0.154539 0.420855
0 0.35274 0.369865 0.680721 0.270079 0.416165
2 0.363008 0.108139 0.267058 0.211602 0.373901
0 0.156491 0.531981 0.0754772 0.0781887 0.32689
0 0.482668 0.524581 0.0780778 0.0645139 0.286933
