0 0.681266 0.668465 0.17275 0.181654 0.881722
0 0.184279 0.678078 0.278553 0.229919 0.869745
0 0.434361 0.667167 0.218308 0.224975 0.866537
0 0.854879 0.499355 0.162581 0.166266 0.837525
0 0.613162 0.372211 0.739016 0.251002 0.777772
0 0.752895 0.962195 0.113678 0.0755892 0.688039
0 0.590954 0.967144 0.149047 0.0657118 0.649701
0 0.383155 0.840417 0.100887 0.116913 0.629193
0 0.711237 0.842842 0.0915693 0.127634 0.572869
0 0.910686 0.936835 0.122411 0.110589 0.564228
0 0.201293 0.964961 0.107012 0.0700779 0.518927
0 0.551626 0.841046 0.109727 0.11643 0.460094
0 0.858988 0.63963 0.121739 0.116222 0.458731
0 0.0857495 0.841958 0.0929068 0.112457 0.394267
0 0.528418 0.1555 0.217966 0.168757 0.392802
0 0.0634182 0.953841 0.115834 0.0923182 0.389789
0 0.0766939 0.138462 0.143714 0.122432 0.316645
0 0.24051 0.846852 0.0804055 0.115402 0.310317
