0 0.595256 0.386583 0.17618 0.0981509 0.892479
0 0.151438 0.462217 0.169299 0.172367 0.858145
0 0.612494 0.267042 0.155136 0.120651 0.829724
0 0.884281 0.590678 0.111321 0.0887732 0.793922
0 0.784443 0.344853 0.147421 0.0822816 0.793284
0 0.754318 0.446166 0.150988 0.0962754 0.763728
0 0.654631 0.153364 0.109254 0.096607 0.735498
2 0.484601 0.946064 0.203242 0.106439 0.722371
0 0.889453 0.255257 0.102162 0.170919 0.690135
0 0.598096 0.561741 0.0895932 0.0708269 0.634979
0 0.253263 0.574186 0.10016 0.0912655 0.628715
0 0.456299 0.444744 0.12012 0.0987694 0.611587
0 0.296658 0.696581 0.108725 0.108664 0.603999
2 0.224849 0.133901 0.165797 0.0944243 0.596091
0 0.127417 0.618285 0.119958 0.141073 0.591678
0 0.746489 0.225458 0.0972063 0.0959562 0.576157
0 0.628597 0.671285 0.108308 0.083976 0.574558
0 0.371134 0.543279 0.0978986 0.0759624 0.550024
0 0.410438 0.650934 0.0772949 0.0764872 0.491731
2 0.712313 0.983384 0.146038 0.0332315 0.462334
2 0.834556 0.905331 0.117381 0.0990215 0.459457
0 0.765553 0.539631 0.0795542 0.0827234 0.439611
2 0.24972 0.827714 0.0986653 0.0895197 0.424516
2 0.874193 0.508531 0.111885 0.0691045 0.406163
0 0.873617 0.40858 0.0876039 0.0603787 0.406056
0 0.89741 0.292383 0.0946908 0.0907015 0.393328
0 0.595244 0.47723 0.099542 0.0701786 0.3894
0 0.505898 0.725724 0.100934 0.0876278 0.374813
2 0.854016 0.680884 0.082822 0.0777349 0.370336
2 0.901927 0.0345462 0.064192 0.0408419 0.358451
0 0.0967357 0.0760612 0.188373 0.12763 0.330603
2 0.900247 0.112657 0.139357 0.0929774 0.326604
2 0.777027 0.130622 0.111921 0.0829751 0.29744
2 0.893415 0.782271 0.0795695 0.104422 0.281166
0 0.488201 0.533595 0.0903023 0.0706823 0.251583
