0 0.837024 0.328779 0.148335 0.0836107 0.857162
0 0.665847 0.249832 0.154752 0.121353 0.842493
0 0.6456 0.371938 0.178928 0.0985446 0.830068
0 0.206568 0.447016 0.16852 0.17172 0.810155
0 0.653267 0.54616 0.0915265 0.0718485 0.795504
0 0.810616 0.431675 0.152578 0.0941033 0.78713
0 0.68211 0.657649 0.102669 0.0852121 0.759429
0 0.93415 0.577983 0.11394 0.0891565 0.696913
2 0.53646 0.939684 0.207516 0.120631 0.665516
0 0.351991 0.682759 0.108095 0.107053 0.643784
0 0.707507 0.137335 0.115386 0.0986659 0.620849
0 0.508564 0.431195 0.125855 0.0977632 0.576183
0 0.795896 0.209793 0.100256 0.0980486 0.560304
2 0.894263 0.8944 0.111473 0.0967106 0.543707
0 0.651075 0.464878 0.0929465 0.0727589 0.502401
0 0.463119 0.63447 0.082124 0.0736399 0.499863
0 0.821455 0.525387 0.0829519 0.0838993 0.489934
0 0.426446 0.529203 0.102056 0.0787871 0.466414
2 0.275571 0.120145 0.162442 0.0979688 0.464588
2 0.129473 0.0645025 0.16761 0.126623 0.450104
2 0.309406 0.81299 0.0934622 0.0924383 0.43656
0 0.812402 0.612289 0.100223 0.0699797 0.407812
2 0.774332 0.975249 0.141379 0.0495024 0.366929
0 0.943148 0.243582 0.106824 0.162512 0.362792
2 0.587466 0.796477 0.105632 0.0712565 0.342407
0 0.717003 0.860506 0.150083 0.133043 0.325139
0 0.183862 0.598601 0.124382 0.133082 0.321123
2 0.827893 0.108842 0.112148 0.0967418 0.311912
0 0.564577 0.602187 0.0771272 0.0660997 0.310016
2 0.464532 0.0955134 0.128986 0.09698 0.308879
0 0.92318 0.392927 0.0920004 0.0678983 0.291192
2 0.747042 0.974684 0.198403 0.0501358 0.282249
0 0.465402 0.0950917 0.129332 0.0977595 0.257809
