0 0.695361 0.462949 0.180257 0.093961 0.898738
0 0.713498 0.342894 0.147456 0.118776 0.87453
0 0.881586 0.422471 0.15442 0.0797644 0.803299
0 0.264363 0.534946 0.180076 0.174553 0.700025
0 0.860766 0.525162 0.151499 0.0951928 0.667252
0 0.730746 0.745541 0.106573 0.0820114 0.551243
0 0.756895 0.230374 0.109907 0.0932894 0.531981
0 0.841525 0.305877 0.0905785 0.0946237 0.454533
0 0.506578 0.192575 0.124696 0.0952162 0.419414
0 0.872799 0.212964 0.112196 0.0816646 0.401073
0 0.237954 0.685427 0.124935 0.128069 0.372224
