0 0.335902 0.654938 0.282353 0.228911 0.884288
0 0.600976 0.649772 0.221764 0.219129 0.862018
0 0.851985 0.658739 0.176293 0.189785 0.850504
0 0.136374 0.628479 0.119111 0.113952 0.737242
0 0.203313 0.9398 0.108066 0.105694 0.619151
0 0.699995 0.36264 0.576745 0.261808 0.537687
0 0.0887435 0.850395 0.0931676 0.0889576 0.498493
0 0.0659966 0.94965 0.119495 0.0966263 0.462603
0 0.741779 0.130825 0.229996 0.169356 0.355587
0 0.234015 0.821306 0.102848 0.117299 0.354953
0 0.869531 0.832504 0.09428 0.128075 0.32571
0 0.342984 0.954362 0.103156 0.0899105 0.293266
0 0.107274 0.754975 0.0692915 0.079583 0.261134
0 0.336217 0.432668 0.0995324 0.0631254 0.253531
