2 0.566582 0.936733 0.215507 0.126534 0.824309
0 0.678213 0.368475 0.174934 0.0967903 0.818372
0 0.233997 0.442566 0.167376 0.168365 0.807603
0 0.86464 0.32584 0.150086 0.0854292 0.768206
0 0.713144 0.651449 0.104894 0.0830982 0.706048
0 0.698243 0.245561 0.152523 0.117304 0.698984
0 0.737035 0.133303 0.118462 0.0937143 0.670273
2 0.925132 0.888941 0.118571 0.0991413 0.59634
0 0.382068 0.676455 0.110317 0.104887 0.581866
0 0.540329 0.426983 0.116721 0.0935675 0.560422
2 0.814165 0.972064 0.120884 0.0558712 0.50837
0 0.839258 0.429538 0.150405 0.0941978 0.491065
0 0.683536 0.545311 0.0950728 0.0728443 0.489594
0 0.453862 0.524592 0.0993195 0.0791912 0.46739
0 0.826339 0.206096 0.0995945 0.0951195 0.458465
0 0.210819 0.601355 0.120722 0.144647 0.433238
2 0.307963 0.113237 0.169113 0.093821 0.403581
0 0.592677 0.705952 0.096572 0.0879749 0.383267
2 0.853773 0.110512 0.106715 0.0920675 0.341507
0 0.681331 0.462623 0.0954995 0.0691584 0.322954
2 0.939019 0.983598 0.103805 0.0316404 0.321041
2 0.750277 0.854517 0.148844 0.133291 0.309604
2 0.332565 0.808522 0.0962055 0.0942457 0.305839
2 0.0651535 0.620017 0.118322 0.195629 0.283285
2 0.838354 0.429148 0.148918 0.0969927 0.276741
2 0.84118 0.610676 0.0928465 0.0694242 0.272542
0 0.335062 0.553712 0.102612 0.0900637 0.271063
2 0.376877 0.899783 0.108462 0.0917425 0.269381
2 0.955365 0.576263 0.0892703 0.0808929 0.256805
0 0.570818 0.514564 0.0910558 0.0742927 0.256471
2 0.938418 0.664888 0.0782958 0.0752005 0.25366
