0 0.202036 0.662092 0.280747 0.228153 0.878908
0 0.463787 0.652436 0.229063 0.223068 0.866091
0 0.707713 0.655062 0.178493 0.187313 0.844631
0 0.885929 0.487354 0.163515 0.169773 0.675115
0 0.0856077 0.943951 0.11644 0.105157 0.572367
0 0.0959542 0.117277 0.160007 0.122106 0.560252
0 0.556075 0.349448 0.532527 0.227926 0.533664
0 0.935673 0.91781 0.123359 0.10436 0.488971
0 0.61417 0.959129 0.138099 0.0814262 0.410385
0 0.774577 0.953985 0.118697 0.091906 0.389677
2 0.935223 0.91813 0.116557 0.103811 0.334073
0 0.10835 0.824417 0.100755 0.109957 0.332337
