0 0.316633 0.557378 0.107854 0.0931574 0.804008
0 0.509813 0.383169 0.980373 0.300661 0.779372
0 0.775749 0.536414 0.194412 0.203808 0.761833
0 0.569333 0.749499 0.216571 0.232271 0.73044
0 0.268014 0.749034 0.284601 0.270066 0.728009
2 0.58981 0.079934 0.187943 0.157902 0.666906
0 0.884132 0.43241 0.0807885 0.0799076 0.664359
0 0.426811 0.614402 0.13419 0.0993624 0.656473
2 0.759908 0.930769 0.0769894 0.120758 0.533529
0 0.617725 0.590707 0.117348 0.0929375 0.529538
0 0.154437 0.535035 0.0729574 0.0808769 0.519164
2 0.359917 0.109383 0.26612 0.209884 0.501351
0 0.912298 0.668857 0.123905 0.106833 0.498879
0 0.777772 0.714742 0.141168 0.159214 0.35926
0 0.521709 0.202587 0.086283 0.0642388 0.264764
0 0.364096 0.10958 0.274838 0.20765 0.264592
