0 0.762983 0.551183 0.159354 0.172243 0.887785
0 0.306842 0.707202 0.21267 0.249775 0.851574
0 0.572067 0.722492 0.176798 0.184427 0.840612
0 0.509875 0.416476 0.931931 0.230308 0.819927
0 0.0915261 0.727872 0.169838 0.22569 0.724413
0 0.463319 0.204164 0.228183 0.171369 0.639693
0 0.93084 0.788765 0.11121 0.110709 0.490038
2 0.778215 0.971335 0.134386 0.0573292 0.429784
0 0.470441 0.608909 0.113949 0.0835251 0.394023
0 0.242143 0.909722 0.104534 0.151132 0.35523
0 0.871504 0.664991 0.0921061 0.0893255 0.28833
0 0.22136 0.190425 0.219548 0.140707 0.28492
0 0.753714 0.693432 0.119566 0.121372 0.264587
