0 0.681295 0.732162 0.225867 0.23578 0.847791
0 0.552707 0.362325 0.8705 0.302755 0.844065
0 0.894153 0.519962 0.192882 0.210784 0.776748
0 0.542165 0.592865 0.136745 0.0972839 0.729713
0 0.119428 0.745568 0.230438 0.279859 0.713953
0 0.17298 0.0823801 0.274911 0.163044 0.713611
0 0.378283 0.736276 0.265418 0.27504 0.671072
0 0.471916 0.099268 0.296742 0.197387 0.64516
0 0.428887 0.535854 0.114226 0.0889137 0.591609
0 0.733615 0.577398 0.124066 0.0971504 0.559713
0 0.899027 0.69653 0.155063 0.145093 0.547097
0 0.517266 0.937508 0.132778 0.12008 0.494788
0 0.126656 0.582951 0.0972118 0.0917253 0.445376
0 0.883696 0.0290737 0.141464 0.0575325 0.44242
2 0.72047 0.933539 0.117457 0.132923 0.342403
2 0.705592 0.0655831 0.193611 0.131166 0.325434
2 0.87408 0.915841 0.0716868 0.125238 0.310102
