0 0.683306 0.367682 0.177189 0.096651 0.870623
0 0.245338 0.44088 0.166404 0.171476 0.797464
0 0.874162 0.325298 0.150332 0.0853041 0.793686
2 0.573821 0.936554 0.215895 0.126892 0.793626
0 0.702363 0.245919 0.155277 0.12083 0.78321
0 0.846242 0.428653 0.151872 0.0943289 0.718417
0 0.720218 0.652545 0.107003 0.0856843 0.706729
0 0.743463 0.130698 0.112414 0.0916137 0.584671
2 0.811833 0.972567 0.147053 0.0548662 0.584536
0 0.390766 0.677519 0.106111 0.106858 0.571277
0 0.687396 0.54274 0.0902744 0.0751665 0.561333
2 0.935984 0.886225 0.118429 0.0985725 0.549964
0 0.546308 0.426939 0.120228 0.097506 0.474729
0 0.758579 0.854552 0.152099 0.132867 0.437938
2 0.315394 0.113204 0.16461 0.0924116 0.373304
2 0.625063 0.790302 0.108494 0.0673481 0.362001
2 0.345324 0.808117 0.101353 0.0929867 0.349606
0 0.45995 0.52392 0.098627 0.0793449 0.341449
2 0.864971 0.109938 0.105685 0.0900444 0.336284
2 0.0669833 0.616858 0.124786 0.19295 0.33435
0 0.502902 0.63188 0.0803772 0.0736115 0.326701
0 0.836594 0.205694 0.0946708 0.0944105 0.322993
0 0.596604 0.705398 0.100072 0.0883751 0.296111
0 0.686178 0.462697 0.0962496 0.0706705 0.285731
2 0.189483 0.933993 0.193925 0.112019 0.252654
