0 0.415392 0.657727 0.28419 0.225153 0.866553
0 0.667018 0.650212 0.217149 0.217297 0.851727
0 0.916561 0.661161 0.166877 0.189307 0.790385
0 0.20356 0.634434 0.122228 0.122078 0.742887
0 0.16105 0.852371 0.102167 0.0890938 0.647088
0 0.0647689 0.600477 0.0973124 0.0866211 0.583822
0 0.281027 0.94307 0.113596 0.103903 0.536155
0 0.309351 0.823216 0.0973077 0.110704 0.528446
0 0.0515983 0.71554 0.0936538 0.0903748 0.445453
0 0.146075 0.951061 0.119544 0.0965847 0.429089
0 0.777638 0.834268 0.107168 0.119824 0.39225
0 0.801972 0.134222 0.226801 0.16663 0.386042
0 0.750734 0.34439 0.486773 0.222786 0.255618
