0 0.352838 0.715036 0.218254 0.227988 0.848668
0 0.807691 0.553842 0.158633 0.169972 0.843826
0 0.513125 0.413268 0.908488 0.234776 0.819189
0 0.116658 0.724361 0.233316 0.227935 0.809207
0 0.615185 0.725189 0.177801 0.187766 0.792542
0 0.513907 0.206246 0.231722 0.176653 0.740213
0 0.26755 0.190258 0.219359 0.139786 0.550044
2 0.820227 0.972331 0.13191 0.0553385 0.529964
0 0.514524 0.610497 0.116311 0.0871824 0.511382
0 0.710272 0.176022 0.177906 0.127308 0.510851
0 0.460975 0.895157 0.113596 0.111426 0.421368
2 0.266345 0.192716 0.220505 0.133335 0.343282
0 0.625731 0.898224 0.0871122 0.126952 0.310463
0 0.800198 0.694315 0.124479 0.123155 0.296772
0 0.916635 0.667286 0.0897919 0.0871953 0.293398
0 0.281773 0.908965 0.109374 0.149599 0.286321
2 0.942936 0.940153 0.106292 0.118299 0.266284
