0 0.627333 0.650427 0.216858 0.219132 0.870039
0 0.373257 0.655484 0.291212 0.229412 0.858712
0 0.886546 0.659301 0.178187 0.188581 0.845675
0 0.166673 0.632266 0.119629 0.118698 0.738795
0 0.732232 0.360246 0.524794 0.257063 0.729461
0 0.767125 0.13421 0.228627 0.172079 0.661497
0 0.123855 0.851134 0.0961908 0.088039 0.644496
0 0.239127 0.941504 0.109726 0.105111 0.63006
0 0.310472 0.11131 0.150069 0.119372 0.48537
0 0.269853 0.821097 0.0974941 0.110391 0.475861
0 0.0993145 0.950727 0.141882 0.098214 0.430656
2 0.939911 0.960319 0.114449 0.0793612 0.39861
