0 0.704522 0.366173 0.174391 0.0966849 0.887924
0 0.721952 0.244008 0.150431 0.119055 0.810426
0 0.89087 0.325546 0.152975 0.0837861 0.75714
0 0.267296 0.440449 0.175125 0.176764 0.718213
0 0.865704 0.426556 0.151568 0.0946797 0.599248
0 0.738545 0.651704 0.110031 0.0830824 0.583319
2 0.596784 0.936823 0.209889 0.126355 0.581692
0 0.853046 0.0298837 0.109202 0.0594213 0.475397
2 0.825612 0.972062 0.156216 0.055876 0.453744
2 0.946483 0.888195 0.107033 0.100859 0.412746
0 0.764305 0.130322 0.112079 0.0931952 0.409363
0 0.855111 0.206471 0.0990204 0.0950524 0.378267
0 0.845033 0.0270621 0.082351 0.0532537 0.309882
