0 0.60721 0.381231 0.181277 0.095974 0.894751
0 0.626433 0.26027 0.159391 0.120919 0.88268
0 0.794923 0.339709 0.14936 0.0872757 0.850474
0 0.166636 0.458367 0.170827 0.175996 0.839044
0 0.770009 0.441883 0.15041 0.0951395 0.785223
0 0.612337 0.554455 0.0956864 0.0717599 0.757432
0 0.896318 0.25159 0.105677 0.174426 0.728882
0 0.421438 0.106078 0.127376 0.0941453 0.696026
0 0.757874 0.219767 0.0936362 0.0960228 0.68139
0 0.894917 0.586142 0.112848 0.0885212 0.674086
0 0.312338 0.691172 0.109259 0.107138 0.667961
0 0.638011 0.665988 0.111059 0.0857523 0.653924
0 0.671288 0.148467 0.106211 0.0969875 0.629244
2 0.849441 0.903445 0.1167 0.0955723 0.617292
2 0.494736 0.944376 0.208152 0.110589 0.596994
0 0.144226 0.612877 0.124139 0.142575 0.530652
0 0.471813 0.436998 0.12504 0.094603 0.505217
0 0.423197 0.645279 0.073702 0.0756107 0.464706
0 0.678216 0.869682 0.146475 0.131268 0.447817
0 0.386175 0.539785 0.101861 0.0768895 0.425702
0 0.780754 0.533887 0.079932 0.0807925 0.39049
2 0.26564 0.822 0.0914654 0.0866779 0.362403
0 0.614473 0.471882 0.0935707 0.0710272 0.356941
0 0.789133 0.120215 0.109855 0.0978273 0.328737
0 0.238189 0.129885 0.165418 0.0949077 0.257314
