0 0.326104 0.655226 0.188151 0.196395 0.893332
0 0.111891 0.664425 0.217833 0.196401 0.84472
0 0.548323 0.6675 0.158614 0.16591 0.822825
0 0.0964325 0.937223 0.0963736 0.104574 0.662274
0 0.521086 0.408353 0.814332 0.207678 0.643667
0 0.85438 0.72254 0.100249 0.0999876 0.58741
0 0.717879 0.52399 0.14845 0.141171 0.585416
0 0.250683 0.948655 0.14271 0.102691 0.543259
0 0.414382 0.814026 0.0945616 0.10792 0.460505
0 0.774528 0.979531 0.123941 0.0409374 0.457861
0 0.727098 0.902493 0.110456 0.0950119 0.437433
0 0.266767 0.821796 0.0892568 0.125174 0.316574
