0 0.744554 0.550674 0.163703 0.169289 0.895599
0 0.29687 0.71559 0.219728 0.224739 0.825638
0 0.550897 0.72115 0.171456 0.186103 0.819091
0 0.914041 0.787333 0.116 0.112442 0.739436
0 0.517603 0.413784 0.964795 0.233985 0.736167
0 0.450932 0.206765 0.222972 0.173026 0.623271
0 0.0819448 0.726381 0.151736 0.228927 0.604607
0 0.853957 0.661532 0.102222 0.0924961 0.489197
0 0.735521 0.698201 0.122387 0.130282 0.462444
0 0.645913 0.174562 0.175542 0.125547 0.328047
0 0.454518 0.607386 0.110037 0.0717825 0.312412
2 0.226567 0.91023 0.0997223 0.152307 0.266934
2 0.0896268 0.908683 0.0836108 0.131715 0.262896
0 0.400288 0.897167 0.0946152 0.123912 0.260448
