0 0.476933 0.655195 0.281706 0.224648 0.874011
0 0.740485 0.651527 0.227949 0.223429 0.851162
0 0.273255 0.629727 0.120699 0.116077 0.784022
0 0.114378 0.715248 0.109471 0.0903145 0.645927
0 0.346006 0.466045 0.186721 0.190612 0.629283
0 0.23123 0.851404 0.100338 0.0897051 0.613566
0 0.870814 0.13457 0.239226 0.179947 0.600392
0 0.132437 0.597634 0.0953855 0.0902404 0.529487
2 0.073141 0.976003 0.13907 0.0474836 0.381261
0 0.403744 0.11117 0.148285 0.120535 0.347283
0 0.119757 0.299165 0.217681 0.157949 0.346145
0 0.350558 0.939679 0.110778 0.104381 0.333277
0 0.0844563 0.81228 0.118674 0.0897423 0.326305
0 0.164514 0.414271 0.127098 0.131607 0.284167
0 0.88684 0.965295 0.145309 0.0694092 0.270614
0 0.215709 0.949239 0.120303 0.0992689 0.260005
