0 0.500982 0.654901 0.28743 0.228209 0.843925
0 0.752583 0.648159 0.218834 0.217195 0.801232
0 0.254312 0.849947 0.0981111 0.0881264 0.544062
0 0.138386 0.711672 0.101905 0.0893156 0.541737
0 0.290275 0.629508 0.121614 0.118136 0.533743
0 0.237136 0.945637 0.116751 0.103865 0.478198
0 0.37204 0.938945 0.115604 0.107946 0.464476
0 0.881578 0.131477 0.220963 0.179258 0.406713
0 0.10928 0.809445 0.110814 0.0895338 0.399604
0 0.152564 0.596768 0.0976746 0.0891529 0.392711
0 0.398015 0.817937 0.0991267 0.111076 0.262954
