0 0.789936 0.552311 0.16062 0.168131 0.889179
0 0.341774 0.719663 0.219331 0.225747 0.848236
0 0.50439 0.420399 0.899364 0.248325 0.846532
0 0.598043 0.726961 0.179085 0.193354 0.81795
0 0.10501 0.727567 0.208811 0.231021 0.808043
0 0.49404 0.20598 0.222973 0.173516 0.750897
0 0.951798 0.790383 0.0964049 0.110853 0.636098
0 0.681359 0.177762 0.160007 0.127395 0.603093
0 0.900927 0.664689 0.101016 0.0900906 0.497727
0 0.783144 0.704249 0.125176 0.139909 0.467283
0 0.499464 0.607493 0.111431 0.0737867 0.340081
0 0.837212 0.23003 0.159928 0.0926983 0.306623
0 0.616633 0.900214 0.0943493 0.131751 0.292507
2 0.809863 0.972755 0.133993 0.0544893 0.289216
0 0.930397 0.933991 0.0918857 0.107079 0.25984
