0 0.671384 0.632616 0.279178 0.226315 0.799282
0 0.320792 0.572573 0.10122 0.0887752 0.731348
0 0.910319 0.623619 0.17755 0.211679 0.658258
0 0.173083 0.710623 0.155177 0.0966158 0.630517
0 0.310656 0.688926 0.0977472 0.0888176 0.625707
0 0.518744 0.438355 0.220498 0.192415 0.61796
0 0.464841 0.607274 0.11718 0.122669 0.602695
0 0.42942 0.824131 0.103495 0.0862925 0.557754
0 0.103471 0.24164 0.107856 0.0759864 0.510034
0 0.183418 0.607993 0.0793487 0.0745211 0.50571
0 0.285174 0.784843 0.113413 0.0889153 0.497845
0 0.547881 0.915666 0.107388 0.109501 0.362087
0 0.136376 0.37644 0.136228 0.107955 0.356726
2 0.271391 0.961574 0.183404 0.0768517 0.311459
0 0.574709 0.793658 0.0944461 0.109363 0.283893
