0 0.686004 0.66394 0.177287 0.18392 0.872649
0 0.188474 0.673313 0.279847 0.228625 0.862202
0 0.438799 0.663423 0.223768 0.224003 0.858701
0 0.0821422 0.130006 0.145243 0.119708 0.804505
0 0.611045 0.368387 0.745015 0.247315 0.80115
0 0.863293 0.497101 0.157647 0.168441 0.765963
0 0.534283 0.151552 0.229182 0.177315 0.706908
0 0.917219 0.928675 0.122592 0.101971 0.620451
0 0.594273 0.964977 0.145361 0.0700457 0.593286
0 0.758056 0.95863 0.109359 0.0821993 0.511719
0 0.717322 0.8371 0.0878376 0.128819 0.481837
0 0.556835 0.843275 0.105746 0.126807 0.439681
0 0.865927 0.635698 0.124952 0.121391 0.436217
0 0.0707545 0.952039 0.119332 0.0959227 0.383769
0 0.582295 0.554439 0.110708 0.08032 0.313758
0 0.724498 0.123719 0.160722 0.124284 0.297181
