0 0.586855 0.390437 0.180389 0.0968997 0.886881
0 0.146548 0.465527 0.164897 0.172354 0.805719
0 0.774762 0.346651 0.152756 0.0830797 0.805686
2 0.482304 0.949316 0.200751 0.101368 0.786807
0 0.608289 0.268486 0.152676 0.121095 0.780315
0 0.749609 0.449992 0.1494 0.0906055 0.733205
0 0.451638 0.447281 0.115978 0.0963639 0.72626
2 0.219731 0.136471 0.169736 0.0939828 0.724116
0 0.645687 0.157191 0.115472 0.0970205 0.689128
0 0.886321 0.292351 0.0901925 0.0949873 0.64823
0 0.735067 0.228509 0.107336 0.0965643 0.641565
0 0.291025 0.698828 0.112118 0.106087 0.622611
0 0.620634 0.673815 0.103207 0.083387 0.611026
0 0.881575 0.259196 0.0964276 0.166624 0.603543
0 0.594234 0.563919 0.0955433 0.0706239 0.596405
0 0.343538 0.20248 0.101008 0.0675917 0.591288
2 0.869524 0.511182 0.116813 0.0658438 0.58039
0 0.241838 0.577754 0.100836 0.0881811 0.567706
0 0.121657 0.623217 0.118873 0.140946 0.559055
0 0.364587 0.547092 0.099729 0.0769693 0.504332
2 0.714653 0.984463 0.124942 0.0310743 0.432923
0 0.8667 0.412321 0.0924869 0.0617658 0.418178
0 0.403379 0.656577 0.0754823 0.0672663 0.410174
0 0.590114 0.479996 0.0932422 0.0718584 0.404392
2 0.412536 0.866801 0.0873658 0.068218 0.394619
2 0.374049 0.778502 0.0969127 0.0943573 0.368594
0 0.872052 0.595379 0.107767 0.0841145 0.367262
2 0.243351 0.832243 0.0986458 0.092169 0.364049
2 0.952154 0.878842 0.0956928 0.0850777 0.327943
2 0.826453 0.909061 0.117285 0.0975174 0.305051
2 0.415353 0.947681 0.339098 0.104051 0.30262
0 0.502513 0.729707 0.0986775 0.0888342 0.295346
0 0.502185 0.619038 0.0788697 0.0692936 0.288857
2 0.892837 0.117795 0.154879 0.0966243 0.281668
0 0.870179 0.245307 0.103668 0.141456 0.281464
2 0.287819 0.930682 0.10125 0.0970676 0.279884
2 0.166436 0.748693 0.0443783 0.0851002 0.268387
2 0.886824 0.787274 0.0779877 0.107991 0.263805
2 0.407437 0.112433 0.124801 0.0938928 0.263749
2 0.84761 0.687833 0.0770718 0.0794243 0.263155
0 0.482463 0.537139 0.0911175 0.0726761 0.25555
2 0.769832 0.130929 0.11625 0.091717 0.254224
2 0.890917 0.0381517 0.0637472 0.0421244 0.25151
