0 0.722073 0.465721 0.171058 0.0943897 0.871224
0 0.282102 0.538553 0.163904 0.170288 0.831574
0 0.736909 0.344105 0.148729 0.116723 0.820491
0 0.860589 0.309035 0.0993971 0.0921732 0.756703
0 0.0826415 0.711684 0.165283 0.189569 0.75137
0 0.778361 0.233138 0.118667 0.0890609 0.751187
0 0.904684 0.424895 0.159215 0.0807912 0.710737
0 0.884627 0.529228 0.155001 0.0982792 0.708497
0 0.759119 0.75071 0.108709 0.0834513 0.622448
0 0.893786 0.2157 0.112787 0.0791029 0.6124
0 0.584619 0.522084 0.116219 0.0948545 0.542628
0 0.429391 0.773889 0.110737 0.105069 0.50858
0 0.728462 0.639782 0.0911794 0.0721357 0.498826
0 0.501522 0.621285 0.096547 0.079386 0.45093
2 0.664895 0.890427 0.105116 0.0693317 0.44552
0 0.640541 0.803578 0.0954074 0.0869637 0.404942
