0 0.617806 0.726663 0.215101 0.229913 0.80509
0 0.508565 0.360889 0.925313 0.296317 0.77617
0 0.83225 0.513525 0.201112 0.204508 0.772178
0 0.365875 0.535146 0.111498 0.0949116 0.698397
0 0.321913 0.730866 0.274819 0.273033 0.670956
0 0.480463 0.591049 0.141242 0.100832 0.626716
2 0.639851 0.0639154 0.187769 0.127831 0.5225
2 0.410421 0.0976023 0.275609 0.193578 0.469118
0 0.670462 0.571001 0.117914 0.092549 0.457557
2 0.810914 0.906151 0.0857157 0.118483 0.410753
0 0.0629725 0.585213 0.110503 0.0920877 0.361359
0 0.829275 0.689257 0.143165 0.145545 0.347764
0 0.406888 0.0999727 0.300669 0.19829 0.322439
0 0.943628 0.409292 0.0869685 0.0731888 0.319375
