0 0.608313 0.43579 0.180197 0.0940889 0.908549
0 0.627745 0.316035 0.15434 0.1186 0.868642
0 0.793464 0.395485 0.153726 0.0807873 0.821437
0 0.167297 0.510771 0.181712 0.173943 0.783109
0 0.668778 0.205263 0.109794 0.0951714 0.713281
0 0.769395 0.49474 0.147555 0.0962747 0.712619
0 0.897352 0.309566 0.106371 0.165774 0.711408
0 0.638306 0.720129 0.106693 0.0840353 0.681084
0 0.749828 0.276894 0.107413 0.0972728 0.633892
2 0.0902494 0.129081 0.160544 0.124898 0.559785
2 0.499324 0.972564 0.166077 0.0539845 0.547814
2 0.239881 0.186332 0.158659 0.0924495 0.54647
0 0.614287 0.609115 0.0981264 0.0655617 0.534831
0 0.897584 0.641368 0.118547 0.0867588 0.511812
2 0.265173 0.879175 0.0909893 0.0914682 0.49753
0 0.14547 0.669277 0.121247 0.141882 0.496385
0 0.423873 0.69874 0.0772522 0.0756819 0.469702
0 0.674195 0.925448 0.144377 0.136025 0.445885
2 0.847808 0.954023 0.120165 0.091954 0.441714
0 0.424177 0.163195 0.131264 0.100356 0.429635
0 0.313812 0.746232 0.110415 0.106596 0.412589
2 0.305802 0.962771 0.0934048 0.073592 0.347986
0 0.787439 0.181786 0.108819 0.0909963 0.331353
2 0.54553 0.860859 0.105014 0.0686958 0.31157
0 0.611048 0.525824 0.0915103 0.0700599 0.298654
0 0.780599 0.58907 0.0774314 0.0791414 0.278327
0 0.392884 0.823901 0.0927697 0.0922129 0.258455
0 0.389509 0.592418 0.099779 0.078447 0.256345
0 0.471494 0.491014 0.123203 0.0945976 0.253237
