0 0.340871 0.71144 0.215793 0.222299 0.857374
0 0.590807 0.719552 0.171844 0.187296 0.849093
0 0.108143 0.717931 0.21269 0.226137 0.814265
0 0.785832 0.548447 0.156777 0.163617 0.803804
0 0.517081 0.41913 0.901344 0.2416 0.802773
0 0.499313 0.20716 0.221336 0.169016 0.641319
0 0.942735 0.785267 0.111266 0.110553 0.617634
0 0.771267 0.690341 0.119336 0.118592 0.55131
0 0.496833 0.603911 0.109648 0.0805746 0.475298
2 0.798245 0.966637 0.125351 0.0667266 0.465774
0 0.681203 0.181635 0.15788 0.122474 0.458718
0 0.603434 0.889564 0.0890771 0.123828 0.417763
0 0.884006 0.659993 0.103128 0.0844183 0.394116
0 0.408718 0.555475 0.0879054 0.0759883 0.33107
2 0.257662 0.198036 0.217644 0.124358 0.293202
2 0.952634 0.980668 0.0889808 0.0377804 0.288306
0 0.800447 0.966948 0.129144 0.0655811 0.281652
2 0.268513 0.896241 0.0953368 0.145865 0.272578
