0 0.3504 0.71227 0.216049 0.229718 0.863813
0 0.116038 0.722438 0.232076 0.226781 0.849101
0 0.802328 0.555789 0.162301 0.167879 0.848887
0 0.611951 0.726407 0.191517 0.191069 0.822785
0 0.514282 0.41884 0.930243 0.232938 0.81953
0 0.455086 0.892416 0.102232 0.115479 0.629011
0 0.620245 0.895943 0.0935668 0.125921 0.573344
0 0.904364 0.666932 0.10009 0.0891352 0.572773
0 0.953765 0.790281 0.0924698 0.111691 0.560299
0 0.927811 0.922713 0.0971878 0.0886124 0.545435
0 0.511591 0.209244 0.231553 0.170395 0.512689
2 0.27211 0.214912 0.217309 0.0959673 0.477254
0 0.788621 0.696074 0.120644 0.123944 0.449848
0 0.27866 0.906007 0.11024 0.149949 0.438977
0 0.51075 0.60736 0.116765 0.0816886 0.386941
0 0.0682198 0.187532 0.132648 0.123578 0.322109
0 0.695367 0.177825 0.165946 0.118655 0.27427
2 0.69974 0.179933 0.158753 0.119283 0.257368
