0 0.576033 0.406684 0.176186 0.0974397 0.877536
0 0.136524 0.485651 0.164808 0.171606 0.825629
0 0.767286 0.366483 0.142774 0.0849353 0.785681
2 0.817047 0.928814 0.120153 0.0943907 0.735489
2 0.8885 0.134067 0.153574 0.0963451 0.694831
0 0.63883 0.174487 0.113877 0.0962076 0.677586
0 0.279105 0.717348 0.107495 0.111928 0.675011
0 0.600461 0.287269 0.160176 0.119779 0.637398
0 0.111635 0.638025 0.122119 0.138993 0.621318
0 0.442868 0.463805 0.123452 0.0926662 0.611694
0 0.727956 0.247338 0.103435 0.0958618 0.610207
2 0.468892 0.958401 0.248101 0.0824146 0.610202
2 0.943904 0.894813 0.102618 0.0801886 0.603279
0 0.737674 0.467342 0.145362 0.0959883 0.602315
2 0.468395 0.208959 0.126086 0.0821108 0.595772
0 0.871175 0.277422 0.101281 0.163492 0.59394
2 0.757288 0.149488 0.108439 0.0880933 0.58844
2 0.233848 0.849768 0.10233 0.0916874 0.584672
2 0.662606 0.884861 0.177265 0.148928 0.58115
2 0.401075 0.881926 0.0899965 0.0709656 0.579924
0 0.233331 0.596711 0.102824 0.0868794 0.576868
2 0.406843 0.95815 0.362667 0.0833435 0.56177
0 0.581672 0.581635 0.095502 0.0714516 0.538054
0 0.609606 0.691391 0.104978 0.0839531 0.495716
2 0.853054 0.547787 0.118313 0.101201 0.455859
2 0.152434 0.763302 0.0564226 0.0798201 0.430443
2 0.839742 0.703342 0.0847663 0.0772001 0.42777
2 0.51912 0.957683 0.330837 0.0836964 0.417932
2 0.644423 0.892754 0.140925 0.125029 0.400717
2 0.750839 0.842745 0.127513 0.0823036 0.37636
0 0.580281 0.498433 0.0901356 0.0689085 0.372474
2 0.0541853 0.805033 0.072655 0.105009 0.360883
2 0.862804 0.612332 0.110047 0.0875683 0.333786
0 0.334099 0.214703 0.10234 0.0824221 0.326696
2 0.361509 0.79493 0.0911418 0.0950336 0.31692
2 0.279041 0.947188 0.0997197 0.09895 0.29528
2 0.934482 0.979262 0.0864532 0.0402924 0.290113
2 0.876872 0.801991 0.0731569 0.105213 0.288559
0 0.354816 0.565718 0.0914344 0.0745758 0.282815
0 0.395349 0.131885 0.121773 0.0922705 0.274445
2 0.321149 0.468214 0.0867473 0.114599 0.270209
0 0.878953 0.31416 0.0916517 0.0897073 0.261758
