0 0.711242 0.463574 0.171616 0.0917639 0.886158
0 0.728599 0.343701 0.147181 0.115534 0.857616
0 0.276196 0.539325 0.161738 0.17144 0.821604
0 0.898888 0.424943 0.147796 0.0824 0.758089
0 0.0771712 0.708549 0.146725 0.188148 0.699996
0 0.768871 0.233463 0.10795 0.0931151 0.688159
0 0.858687 0.307582 0.09939 0.0911122 0.652693
0 0.876226 0.525486 0.150424 0.0919872 0.643386
0 0.74728 0.749121 0.101439 0.0821203 0.620015
0 0.527377 0.194144 0.126138 0.0904804 0.510923
0 0.422795 0.772721 0.11258 0.104928 0.502347
0 0.63335 0.803528 0.0973894 0.0861103 0.414328
0 0.578931 0.523204 0.12122 0.0940416 0.379038
0 0.372167 0.648742 0.104203 0.0847734 0.359343
0 0.719003 0.554979 0.0910302 0.0680134 0.338545
0 0.193448 0.160683 0.162994 0.125438 0.324313
0 0.718084 0.641681 0.0963781 0.0705393 0.322851
0 0.886702 0.216497 0.107669 0.0747256 0.271402
0 0.506134 0.853533 0.0943027 0.0930759 0.260769
