0 0.721846 0.365909 0.176555 0.0968678 0.836902
0 0.282532 0.437801 0.165888 0.174596 0.791869
2 0.618094 0.936574 0.208228 0.126852 0.75871
0 0.0834018 0.611016 0.166804 0.188858 0.675723
0 0.742374 0.242008 0.151287 0.115764 0.650176
0 0.886741 0.42748 0.153037 0.0934602 0.622486
0 0.778266 0.129651 0.119116 0.092193 0.618126
0 0.870545 0.206539 0.0987817 0.092801 0.610632
2 0.822583 0.971308 0.215912 0.0573833 0.589901
0 0.761156 0.651901 0.111321 0.0840524 0.545189
0 0.911565 0.324896 0.163714 0.0845598 0.477923
2 0.798184 0.851499 0.145178 0.136318 0.416903
0 0.586967 0.423489 0.118274 0.0965046 0.40097
0 0.500832 0.524112 0.0949423 0.0839789 0.338972
2 0.663377 0.79135 0.0916494 0.0653956 0.326445
0 0.730631 0.545922 0.0912247 0.0766851 0.301338
