0 0.698578 0.618847 0.282174 0.222673 0.876122
0 0.495603 0.589886 0.112186 0.113289 0.795522
0 0.460265 0.808056 0.101793 0.0895411 0.753436
0 0.351193 0.557193 0.100361 0.0870159 0.745288
0 0.207057 0.694952 0.154188 0.0975199 0.689065
0 0.340385 0.675073 0.101752 0.0878662 0.680131
0 0.212788 0.590208 0.0794086 0.0690739 0.604089
0 0.551323 0.423368 0.211621 0.194096 0.571995
0 0.31981 0.772425 0.111719 0.0865083 0.570955
0 0.131032 0.225787 0.107836 0.074268 0.561974
0 0.454935 0.906772 0.114977 0.0946217 0.557048
0 0.111058 0.558111 0.0930527 0.0760051 0.526666
0 0.15692 0.363031 0.135187 0.106386 0.502433
0 0.0664402 0.650269 0.111234 0.0767208 0.49383
0 0.47561 0.714411 0.0644431 0.0749261 0.491297
0 0.149311 0.893461 0.0996336 0.138491 0.458767
0 0.309181 0.953925 0.181932 0.0913513 0.424358
0 0.30271 0.862657 0.0806685 0.0728722 0.356929
2 0.312483 0.953503 0.186849 0.0929932 0.348434
0 0.58339 0.899406 0.101266 0.10878 0.342078
0 0.145907 0.467587 0.0975391 0.0766037 0.331404
0 0.633222 0.411519 0.388514 0.212633 0.326492
0 0.9082 0.799099 0.10686 0.138829 0.302956
0 0.927333 0.616043 0.14498 0.230084 0.29726
0 0.161769 0.788997 0.0809157 0.066857 0.272702
