0 0.129671 0.741898 0.254365 0.269688 0.83408
0 0.900655 0.524124 0.181251 0.198222 0.830971
0 0.699344 0.726702 0.207447 0.224129 0.829357
0 0.562908 0.372347 0.856386 0.285141 0.828556
0 0.404921 0.726686 0.262931 0.272655 0.76087
0 0.563222 0.592746 0.133459 0.0956326 0.740441
0 0.457935 0.53843 0.106682 0.0890708 0.676163
2 0.727611 0.0783505 0.180358 0.148946 0.662412
0 0.164703 0.583198 0.103623 0.0888076 0.639572
0 0.904077 0.692943 0.147152 0.137555 0.62961
0 0.213389 0.101378 0.245312 0.170383 0.564312
0 0.504237 0.110566 0.264147 0.201092 0.549964
0 0.0699789 0.476725 0.108068 0.0776258 0.51738
0 0.298283 0.512279 0.0775074 0.0755154 0.491893
0 0.0644854 0.276813 0.0975034 0.0856054 0.464455
0 0.744864 0.577398 0.117526 0.0863914 0.437261
0 0.793004 0.263944 0.121725 0.0878843 0.358641
2 0.882895 0.902834 0.0756538 0.113252 0.325672
0 0.732812 0.92691 0.110848 0.141181 0.322863
2 0.541927 0.932165 0.119167 0.132367 0.271387
