0 0.351718 0.716281 0.215894 0.227346 0.851142
0 0.512342 0.418592 0.91179 0.244366 0.841854
0 0.808017 0.556232 0.159882 0.170167 0.823451
0 0.115595 0.725572 0.23119 0.232497 0.816073
0 0.516651 0.206621 0.230183 0.174537 0.764024
0 0.614566 0.728368 0.182337 0.19307 0.753622
0 0.51388 0.611015 0.116958 0.0853001 0.528681
0 0.917578 0.669038 0.0908752 0.0888865 0.507748
0 0.458931 0.898122 0.106878 0.114847 0.502799
0 0.271622 0.19069 0.221745 0.141291 0.489916
0 0.623574 0.900307 0.0882349 0.128389 0.362155
0 0.823005 0.974183 0.132437 0.0516331 0.307737
0 0.799661 0.696452 0.12574 0.122927 0.295295
0 0.2806 0.908927 0.10857 0.149599 0.285453
