0 0.579016 0.408803 0.175984 0.095617 0.864979
0 0.136651 0.486421 0.16707 0.173091 0.840034
0 0.767906 0.368925 0.143505 0.083994 0.793509
0 0.599988 0.289296 0.155498 0.120185 0.725035
0 0.280211 0.719387 0.106866 0.108624 0.718419
0 0.725151 0.251102 0.105546 0.0962789 0.71759
0 0.639404 0.177823 0.114053 0.0975311 0.703858
2 0.888795 0.136443 0.154566 0.0937628 0.692005
2 0.817179 0.931714 0.119558 0.097397 0.685876
2 0.490132 0.95961 0.230128 0.0799488 0.656988
0 0.112082 0.639478 0.123552 0.137945 0.652326
0 0.233778 0.59847 0.10174 0.0857035 0.642292
0 0.871399 0.281522 0.102823 0.166131 0.640184
0 0.612595 0.694518 0.0998589 0.084285 0.631304
0 0.739022 0.469288 0.148975 0.0958994 0.616008
2 0.424258 0.959217 0.325821 0.0812962 0.608089
2 0.234825 0.850846 0.100189 0.0895279 0.572581
2 0.468369 0.210149 0.125078 0.0817643 0.553813
2 0.400772 0.883724 0.0900172 0.0703823 0.53326
2 0.942687 0.89593 0.101413 0.0807858 0.499965
2 0.859701 0.549863 0.105956 0.1012 0.494423
0 0.444319 0.469131 0.119624 0.10023 0.469689
2 0.757627 0.152774 0.107535 0.085193 0.460127
2 0.838678 0.704104 0.0861742 0.0776464 0.443671
0 0.581652 0.583573 0.0940969 0.0694107 0.443663
0 0.879456 0.3156 0.0916109 0.0904335 0.410915
0 0.580464 0.500508 0.0887765 0.0652966 0.380269
0 0.354614 0.566118 0.0970305 0.0761071 0.36708
2 0.753664 0.844484 0.118008 0.0825529 0.360044
2 0.15347 0.765808 0.0553347 0.0790277 0.353789
2 0.126964 0.938724 0.201236 0.122551 0.3421
2 0.277448 0.947616 0.0944928 0.0976425 0.338776
0 0.490489 0.748827 0.0921983 0.0849041 0.337963
2 0.876834 0.805504 0.0746263 0.10177 0.337227
2 0.32147 0.470275 0.0886231 0.113732 0.329199
2 0.370767 0.950542 0.300299 0.0981987 0.309037
0 0.394019 0.67249 0.0778606 0.0755964 0.28407
0 0.858266 0.430197 0.0945058 0.0628136 0.281295
2 0.64338 0.895122 0.137003 0.125982 0.280607
2 0.878128 0.060375 0.0654714 0.0416149 0.277674
2 0.663693 0.888166 0.177217 0.148955 0.27158
2 0.930083 0.980884 0.0846776 0.0371029 0.265787
