0 0.66085 0.543695 0.165531 0.168625 0.89017
0 0.21032 0.711809 0.21105 0.219352 0.820038
0 0.464959 0.714905 0.177241 0.186617 0.814686
0 0.824773 0.779707 0.112514 0.106259 0.628655
0 0.485506 0.414786 0.895567 0.248127 0.592138
0 0.368378 0.200203 0.226935 0.170565 0.588743
0 0.284572 0.555196 0.0966818 0.0772999 0.469653
0 0.768767 0.654208 0.0980058 0.0880161 0.435905
0 0.648382 0.689332 0.121229 0.119322 0.337964
2 0.678384 0.966963 0.141077 0.0660734 0.311349
0 0.915236 0.858045 0.087079 0.0952682 0.300007
