0 0.646884 0.45347 0.184004 0.0931948 0.850793
0 0.668876 0.334377 0.155935 0.117098 0.841099
0 0.212212 0.527643 0.166822 0.171261 0.812287
0 0.834129 0.413495 0.14917 0.0841665 0.786663
0 0.812249 0.513505 0.148354 0.0938905 0.678651
0 0.793463 0.295872 0.101408 0.0926573 0.678228
0 0.682214 0.738842 0.108226 0.0845568 0.67398
0 0.71154 0.223201 0.111045 0.0954284 0.660349
0 0.65774 0.626665 0.0957184 0.0695507 0.605972
0 0.464198 0.183836 0.129785 0.0955501 0.575178
0 0.512039 0.51167 0.121767 0.0996748 0.432653
2 0.310627 0.894259 0.0926084 0.0874447 0.388298
0 0.816646 0.696367 0.0964754 0.072665 0.333864
2 0.826773 0.890428 0.126373 0.0844524 0.331276
2 0.882015 0.965414 0.139523 0.0691721 0.316865
0 0.283464 0.205537 0.160214 0.0933543 0.311037
2 0.590951 0.877599 0.105174 0.0691835 0.305603
2 0.939107 0.662187 0.114029 0.0835186 0.289699
2 0.347739 0.969984 0.110074 0.0598721 0.272877
