0 0.349882 0.71552 0.217935 0.226441 0.836914
0 0.529041 0.409523 0.881558 0.221057 0.832135
0 0.801608 0.554346 0.163298 0.172576 0.831024
0 0.113683 0.725695 0.224774 0.227013 0.827209
0 0.504241 0.20507 0.227698 0.173965 0.728291
0 0.613337 0.726717 0.194702 0.192038 0.717959
0 0.506974 0.605921 0.114998 0.0770344 0.523888
2 0.261186 0.190132 0.226539 0.13813 0.480436
2 0.821362 0.972629 0.134845 0.0546354 0.447326
2 0.611468 0.727515 0.191222 0.191282 0.446696
0 0.957139 0.790866 0.0857218 0.111709 0.386853
0 0.456113 0.896602 0.105063 0.114753 0.380307
0 0.260279 0.190753 0.223752 0.139418 0.360418
0 0.28094 0.908429 0.110237 0.14912 0.344632
0 0.792956 0.696073 0.124679 0.12487 0.30151
0 0.420545 0.558725 0.0930957 0.0762106 0.292806
0 0.290661 0.533849 0.0601958 0.0580119 0.285956
