0 0.421978 0.65714 0.285707 0.226388 0.870248
0 0.684717 0.652216 0.227804 0.221035 0.851941
0 0.924286 0.661583 0.150753 0.192035 0.734677
0 0.221999 0.631563 0.116484 0.112776 0.714911
0 0.174852 0.851751 0.092553 0.0863708 0.626803
0 0.293566 0.942694 0.112927 0.104047 0.519102
0 0.0603138 0.716275 0.107385 0.0899128 0.512378
0 0.0783969 0.599571 0.0958653 0.0873741 0.423808
0 0.817991 0.135478 0.229605 0.170481 0.423567
0 0.153324 0.949574 0.116362 0.0948132 0.367894
0 0.190874 0.756305 0.0696039 0.0824667 0.348147
