0 0.66269 0.73063 0.21995 0.238312 0.805236
0 0.511976 0.347312 0.976047 0.274599 0.804397
0 0.411943 0.532029 0.109684 0.0885769 0.739316
0 0.879929 0.517066 0.207017 0.211017 0.730276
0 0.354512 0.732552 0.272011 0.281674 0.71667
0 0.114822 0.746361 0.21657 0.285328 0.715158
0 0.112046 0.581745 0.104878 0.0905201 0.695305
0 0.525604 0.590939 0.139473 0.100816 0.652532
0 0.151624 0.081376 0.280003 0.160219 0.619942
0 0.878283 0.691501 0.148831 0.146603 0.606277
2 0.855958 0.909149 0.0839091 0.122197 0.597988
0 0.718564 0.571304 0.115855 0.091676 0.595613
0 0.457898 0.0974514 0.31139 0.193682 0.560945
0 0.250854 0.502349 0.0691592 0.0715959 0.472533
0 0.506316 0.935822 0.134434 0.128356 0.432307
2 0.706905 0.931026 0.115454 0.137949 0.385746
0 0.861201 0.0276936 0.13679 0.0551258 0.348618
2 0.961961 0.855502 0.0741071 0.0957935 0.347067
0 0.886236 0.117713 0.192547 0.109069 0.302088
2 0.69307 0.0642152 0.194907 0.12843 0.300883
0 0.692899 0.0647942 0.195302 0.129519 0.281035
