0 0.683693 0.665717 0.173823 0.183442 0.883244
0 0.436904 0.664101 0.218805 0.224638 0.867752
0 0.186613 0.673671 0.281966 0.229105 0.864973
0 0.614281 0.368964 0.727296 0.248831 0.82328
0 0.860846 0.498803 0.159219 0.171437 0.741427
0 0.537312 0.153612 0.226184 0.175492 0.719466
0 0.916315 0.930054 0.12256 0.102729 0.703975
0 0.594056 0.965717 0.145509 0.0685653 0.663174
0 0.757173 0.959286 0.110422 0.0806366 0.59715
0 0.715604 0.838388 0.0865385 0.128266 0.495062
0 0.878501 0.17749 0.161447 0.0891296 0.489229
0 0.0682312 0.952546 0.118764 0.0949072 0.478209
0 0.554667 0.843945 0.109593 0.12688 0.41705
0 0.0801061 0.132647 0.147627 0.123721 0.399991
0 0.86308 0.636079 0.12144 0.122646 0.379386
0 0.71961 0.123585 0.157712 0.122839 0.365535
0 0.207181 0.961846 0.107705 0.0762524 0.285891
0 0.0884599 0.838004 0.0929051 0.108744 0.281225
0 0.57922 0.55685 0.106988 0.0808739 0.280942
0 0.867446 0.556328 0.165811 0.299371 0.255159
