0 0.369013 0.656755 0.282802 0.228344 0.876307
0 0.621461 0.649816 0.216177 0.219451 0.867124
0 0.879183 0.659654 0.180042 0.188316 0.865755
0 0.724995 0.361675 0.541409 0.2609 0.776287
0 0.158549 0.632792 0.121905 0.121445 0.665277
0 0.76428 0.133401 0.228297 0.17125 0.65025
0 0.115885 0.851139 0.0990536 0.0883507 0.593887
0 0.230322 0.941446 0.107712 0.107669 0.558532
0 0.0929469 0.951031 0.122321 0.0956913 0.550546
0 0.263426 0.823158 0.1004 0.112983 0.475165
0 0.73251 0.836317 0.113176 0.127981 0.445955
2 0.934552 0.95981 0.116691 0.0803801 0.379147
