0 0.668071 0.63305 0.287008 0.223544 0.787524
0 0.909846 0.625753 0.180069 0.209478 0.770998
0 0.318116 0.573578 0.100439 0.0877684 0.698141
0 0.517828 0.439735 0.218953 0.189671 0.686934
0 0.306104 0.68833 0.102372 0.0850185 0.646462
0 0.461105 0.606521 0.117532 0.116186 0.615626
0 0.425399 0.825869 0.103586 0.0883451 0.507702
0 0.169937 0.711983 0.155029 0.0968325 0.388651
2 0.270713 0.963484 0.181331 0.0725506 0.385076
0 0.101089 0.24241 0.107846 0.0746218 0.350351
0 0.282823 0.786758 0.113374 0.0889759 0.33813
0 0.179814 0.608493 0.0783196 0.0734661 0.317478
2 0.274813 0.276657 0.176052 0.157566 0.28078
0 0.873249 0.813762 0.0908405 0.140015 0.2773
