0 0.481669 0.654922 0.290913 0.226506 0.81988
0 0.740804 0.649455 0.220301 0.219984 0.814602
0 0.279139 0.63 0.121328 0.116732 0.746599
0 0.138675 0.598365 0.0987449 0.0871147 0.603222
0 0.124661 0.713696 0.101948 0.088619 0.573395
0 0.120178 0.297615 0.210089 0.157692 0.52702
2 0.0744278 0.975802 0.137619 0.0480093 0.520002
0 0.873639 0.134576 0.237778 0.177509 0.484568
0 0.236866 0.850959 0.0994766 0.0889624 0.478822
0 0.176035 0.416852 0.120431 0.12378 0.32844
0 0.407912 0.110396 0.147416 0.120731 0.321904
0 0.222901 0.94846 0.110483 0.100122 0.293782
0 0.0929811 0.811177 0.105668 0.089748 0.255501
