0 0.512994 0.359275 0.974012 0.302267 0.842736
0 0.645734 0.724764 0.226221 0.231263 0.816007
0 0.390927 0.529355 0.116231 0.0875326 0.798891
0 0.852564 0.510396 0.193664 0.204312 0.771592
0 0.340658 0.730295 0.285952 0.272903 0.715503
0 0.505905 0.589594 0.139372 0.0969606 0.706354
0 0.693994 0.567655 0.124178 0.0946828 0.670974
2 0.662019 0.0641988 0.195362 0.128398 0.669019
2 0.432422 0.0942453 0.281633 0.186742 0.607062
0 0.85664 0.687132 0.146735 0.143946 0.593394
2 0.839506 0.906422 0.0767676 0.118558 0.403854
0 0.0872308 0.580413 0.0945086 0.0908463 0.353959
2 0.482523 0.93476 0.12604 0.130151 0.331605
0 0.227775 0.505835 0.0772953 0.0750235 0.312533
0 0.838811 0.0256123 0.132826 0.0512245 0.303034
0 0.55548 0.501621 0.0787441 0.0589653 0.27121
0 0.737694 0.239265 0.124299 0.0991597 0.26543
2 0.104621 0.941128 0.0874256 0.117692 0.261676
