0 0.330101 0.654819 0.289968 0.231376 0.864317
0 0.591349 0.65099 0.217798 0.221804 0.845754
0 0.844107 0.658207 0.179167 0.189163 0.838498
0 0.195435 0.939808 0.111447 0.107924 0.702112
0 0.697686 0.36055 0.586552 0.256856 0.656743
0 0.128481 0.631074 0.117847 0.117071 0.634685
0 0.0822745 0.851138 0.0940126 0.0901117 0.617535
0 0.0652851 0.950242 0.118314 0.0971577 0.544152
0 0.227801 0.820657 0.0988564 0.116683 0.476127
0 0.741283 0.547226 0.112397 0.0784734 0.396286
0 0.335383 0.954581 0.10832 0.0902214 0.369846
2 0.897754 0.959757 0.121484 0.0804857 0.279829
0 0.736701 0.131574 0.230087 0.17324 0.270351
0 0.85832 0.834396 0.0980533 0.134504 0.259707
