0 0.823286 0.409705 0.147781 0.0841166 0.862297
0 0.641317 0.449891 0.174357 0.0908316 0.833643
0 0.199401 0.524887 0.168727 0.172192 0.832302
0 0.657606 0.329688 0.150762 0.120847 0.830421
0 0.692656 0.21865 0.123245 0.0897049 0.814524
0 0.784541 0.290638 0.109942 0.0967591 0.768256
0 0.80009 0.511337 0.150421 0.0945925 0.731971
0 0.93199 0.657764 0.121661 0.0872967 0.66505
0 0.643489 0.623822 0.0921457 0.0681301 0.655949
0 0.343849 0.760161 0.106304 0.108915 0.574499
0 0.672546 0.735924 0.109779 0.0880001 0.560995
0 0.502028 0.508625 0.116595 0.0977288 0.544232
0 0.9289 0.322111 0.114129 0.164003 0.436144
0 0.814115 0.200861 0.108085 0.0840438 0.428684
2 0.578597 0.874662 0.102557 0.0686747 0.347004
0 0.809706 0.603566 0.0813599 0.0821615 0.344083
0 0.552221 0.788076 0.0990938 0.0884018 0.337437
0 0.416725 0.609011 0.0993391 0.0828529 0.315366
0 0.17471 0.673603 0.115193 0.128581 0.296692
0 0.640597 0.542134 0.0972721 0.0680199 0.288362
2 0.300598 0.893783 0.106862 0.0952478 0.280489
2 0.272696 0.201817 0.163103 0.0967605 0.273115
2 0.93499 0.656475 0.119062 0.091955 0.265968
