0 0.312522 0.671481 0.195619 0.216838 0.861427
0 0.100425 0.687316 0.198466 0.212827 0.843036
0 0.548777 0.685468 0.163173 0.175517 0.819791
0 0.727494 0.530888 0.151214 0.159617 0.765793
0 0.879307 0.741403 0.102575 0.100639 0.714503
0 0.740224 0.932904 0.119311 0.0983116 0.563748
0 0.822667 0.630424 0.0894647 0.0787422 0.444694
0 0.066465 0.959136 0.105306 0.0813309 0.43135
0 0.503886 0.405427 0.958796 0.218225 0.423008
2 0.236512 0.966897 0.149423 0.0662052 0.397931
2 0.23867 0.19746 0.21081 0.119445 0.384591
2 0.897806 0.516357 0.082842 0.106937 0.366743
0 0.460816 0.212018 0.213443 0.159741 0.298345
0 0.40712 0.837602 0.0893361 0.106226 0.272783
2 0.633464 0.18609 0.147653 0.112071 0.250505
