0 0.349248 0.710954 0.214502 0.247316 0.850228
0 0.499279 0.417334 0.89997 0.241347 0.837072
0 0.115657 0.725201 0.231106 0.229119 0.832848
0 0.806117 0.555274 0.160626 0.171961 0.823477
0 0.614932 0.726949 0.191364 0.191907 0.783621
0 0.508926 0.205432 0.235899 0.176279 0.638433
0 0.698654 0.176382 0.169964 0.127435 0.521261
0 0.459377 0.89554 0.109979 0.112854 0.497626
2 0.817157 0.972398 0.142249 0.0552043 0.492477
0 0.512869 0.609673 0.117676 0.0869106 0.438685
2 0.264549 0.194775 0.222544 0.129184 0.391809
0 0.795746 0.693947 0.122623 0.121351 0.387003
0 0.266105 0.190659 0.221141 0.13913 0.359374
0 0.62433 0.898012 0.0892764 0.12705 0.338174
0 0.280861 0.90923 0.111397 0.150294 0.268775
0 0.914698 0.668004 0.0904748 0.0878405 0.259183
