0 0.350842 0.715369 0.21711 0.227155 0.833711
0 0.511962 0.414794 0.910377 0.235254 0.829091
0 0.804519 0.555063 0.160741 0.1713 0.822323
0 0.115071 0.725504 0.228898 0.227993 0.821943
0 0.614117 0.726871 0.192714 0.191817 0.789686
0 0.506197 0.205513 0.230638 0.176599 0.705386
0 0.698909 0.175705 0.169837 0.124497 0.547357
0 0.510336 0.606968 0.117316 0.0811617 0.453409
0 0.264956 0.191291 0.223453 0.140305 0.451927
2 0.26418 0.191945 0.226053 0.136525 0.431015
2 0.818941 0.972405 0.140381 0.0551243 0.425668
0 0.458142 0.895642 0.10757 0.11318 0.381888
0 0.796461 0.695543 0.124554 0.125174 0.281301
0 0.62347 0.897756 0.0882348 0.12649 0.274867
0 0.957964 0.790579 0.0840711 0.109922 0.27439
