0 0.175212 0.63072 0.191257 0.157537 0.738221
0 0.362067 0.623721 0.156864 0.150583 0.646651
2 0.778447 0.943343 0.0680827 0.0560696 0.577293
2 0.873378 0.792902 0.0716987 0.0481172 0.571894
2 0.809563 0.887475 0.0706326 0.0473824 0.468277
2 0.855263 0.940823 0.0549221 0.06264 0.421543
2 0.677914 0.820209 0.0921758 0.0767239 0.39001
2 0.918101 0.877248 0.146081 0.119571 0.389544
2 0.161203 0.955252 0.0483115 0.0337254 0.374124
2 0.956782 0.763999 0.0733654 0.0497408 0.360448
2 0.786517 0.830958 0.0706553 0.0560011 0.256653
