0 0.312596 0.672521 0.195624 0.212908 0.879433
0 0.548566 0.684599 0.163864 0.176379 0.847293
0 0.0997273 0.684066 0.195368 0.2054 0.83787
0 0.726581 0.531653 0.150691 0.159154 0.776037
0 0.877815 0.741062 0.102214 0.100319 0.714348
0 0.739959 0.931891 0.120212 0.101624 0.604557
2 0.236895 0.966276 0.14977 0.067448 0.495027
0 0.407118 0.837301 0.0884538 0.106334 0.477813
0 0.068187 0.958172 0.102057 0.0836567 0.370834
0 0.821955 0.630165 0.0867096 0.0755842 0.349766
0 0.460741 0.580008 0.105919 0.0759714 0.34234
0 0.562694 0.841031 0.0846485 0.117281 0.337932
2 0.634084 0.186814 0.15156 0.111198 0.32524
2 0.238328 0.19872 0.208613 0.118132 0.281676
2 0.911976 0.515363 0.110455 0.110918 0.274907
0 0.927372 0.604354 0.0873345 0.0730108 0.271561
