0 0.771335 0.551712 0.159997 0.168993 0.855091
0 0.326483 0.718744 0.222284 0.21985 0.826192
0 0.455824 0.423483 0.833374 0.239169 0.800358
0 0.579515 0.72346 0.176566 0.18688 0.79674
0 0.10006 0.727142 0.189663 0.22408 0.710883
2 0.231804 0.205805 0.221467 0.108042 0.490706
2 0.774872 0.971709 0.167513 0.0565816 0.488857
0 0.881037 0.66321 0.102047 0.0881498 0.40381
0 0.474863 0.205937 0.221626 0.168859 0.385049
0 0.943204 0.789392 0.111928 0.110921 0.358431
2 0.727877 0.872508 0.0707089 0.104604 0.355532
