0 0.816802 0.407477 0.149568 0.0844053 0.832232
0 0.193321 0.522966 0.168924 0.171662 0.792758
0 0.65416 0.32727 0.151008 0.120239 0.722803
0 0.776199 0.289618 0.103489 0.0951504 0.676497
0 0.690336 0.218581 0.123423 0.0916308 0.661868
0 0.634643 0.448152 0.175893 0.0929499 0.647195
0 0.339339 0.757846 0.109693 0.106124 0.639247
0 0.79515 0.507622 0.15063 0.0951274 0.616688
0 0.66943 0.732113 0.10588 0.0850642 0.56902
2 0.516118 0.979827 0.149513 0.0403461 0.545288
0 0.925355 0.32044 0.113611 0.159641 0.513068
0 0.640877 0.622437 0.0942164 0.0675194 0.512892
0 0.168648 0.674279 0.117892 0.131874 0.455061
0 0.294421 0.634987 0.0955873 0.0879403 0.450258
2 0.933202 0.655232 0.126129 0.090448 0.430263
2 0.896378 0.743085 0.0818236 0.0759083 0.386088
0 0.92949 0.656347 0.122537 0.083951 0.351408
2 0.705912 0.934788 0.14458 0.130424 0.325589
2 0.795179 0.688552 0.0925057 0.0696194 0.300341
2 0.459582 0.922119 0.0948844 0.0715775 0.300093
2 0.116868 0.848765 0.0691625 0.0973309 0.268952
0 0.63884 0.540783 0.0974818 0.0671022 0.262823
0 0.551688 0.680225 0.082186 0.0710841 0.254123
