0 0.67684 0.683791 0.179682 0.193103 0.884077
0 0.16472 0.694657 0.27757 0.230511 0.854426
0 0.430251 0.679848 0.228311 0.228419 0.850496
0 0.854993 0.512643 0.162896 0.169503 0.798194
0 0.599433 0.380839 0.768278 0.256312 0.748417
0 0.0513696 0.963148 0.102739 0.0731037 0.5437
0 0.710206 0.860224 0.0937169 0.137466 0.515061
0 0.754818 0.970471 0.114174 0.0585758 0.499564
0 0.913577 0.949 0.123278 0.100816 0.450554
2 0.710395 0.129377 0.164906 0.12073 0.42408
0 0.580646 0.97748 0.139067 0.0450398 0.397429
2 0.524731 0.163464 0.227707 0.167881 0.363793
0 0.372931 0.849259 0.106559 0.110503 0.363199
0 0.545393 0.863499 0.110123 0.134104 0.353747
0 0.859005 0.650455 0.127015 0.11859 0.303632
0 0.0713649 0.858435 0.0957739 0.110951 0.295799
0 0.195259 0.972363 0.107134 0.0546028 0.288068
