0 0.791674 0.552582 0.160353 0.164046 0.89523
0 0.346513 0.713196 0.214997 0.223745 0.864039
0 0.596062 0.722421 0.171857 0.188266 0.843711
0 0.113588 0.72185 0.224368 0.229159 0.815567
0 0.507316 0.410733 0.901433 0.215957 0.80456
0 0.444918 0.888624 0.0980263 0.110301 0.768586
0 0.948685 0.788838 0.10263 0.110157 0.695806
0 0.781277 0.706277 0.122668 0.145492 0.593495
0 0.806849 0.970459 0.129095 0.0590815 0.592281
0 0.273403 0.906119 0.100508 0.152125 0.543835
0 0.89728 0.665464 0.10244 0.0887734 0.53722
2 0.265586 0.194751 0.224461 0.130129 0.523827
0 0.505682 0.207107 0.219618 0.167464 0.517793
2 0.693223 0.179147 0.159701 0.12191 0.473668
0 0.267217 0.192664 0.221596 0.13637 0.438822
0 0.612644 0.894591 0.0944138 0.127522 0.415766
0 0.502705 0.607622 0.11058 0.076958 0.352018
0 0.291298 0.530588 0.0643328 0.0547708 0.297356
0 0.923047 0.921149 0.0989729 0.0905495 0.292387
