0 0.570857 0.375135 0.837303 0.279068 0.841581
0 0.698577 0.71369 0.210549 0.213388 0.834642
0 0.142723 0.725256 0.285399 0.260433 0.824085
0 0.416176 0.710579 0.250187 0.255607 0.821666
0 0.892688 0.520689 0.182502 0.19023 0.804989
0 0.467705 0.530577 0.100917 0.0808807 0.688637
0 0.566347 0.588745 0.126817 0.0937956 0.688239
0 0.19217 0.574887 0.0981522 0.080326 0.60757
0 0.897703 0.679215 0.146204 0.139328 0.586755
0 0.512226 0.124128 0.248735 0.186291 0.567284
0 0.741238 0.567752 0.112662 0.0786264 0.53309
0 0.31578 0.511887 0.0741701 0.0763956 0.515312
2 0.870931 0.87958 0.0689362 0.110001 0.492795
0 0.0944665 0.472157 0.109789 0.0750725 0.479699
2 0.723662 0.0964377 0.176603 0.149325 0.460847
2 0.947986 0.977192 0.104027 0.0454548 0.392515
0 0.726317 0.910164 0.100569 0.150462 0.388595
0 0.904459 0.157112 0.188418 0.102745 0.33539
2 0.515846 0.123686 0.243816 0.187966 0.334449
2 0.548263 0.919161 0.120306 0.151574 0.328145
