0 0.57951 0.714025 0.173526 0.185719 0.876679
0 0.451481 0.422916 0.822747 0.24355 0.873551
0 0.332823 0.699526 0.214452 0.22987 0.866561
0 0.771093 0.546373 0.154335 0.164848 0.846765
0 0.104181 0.715071 0.205638 0.223009 0.828573
0 0.933856 0.780114 0.115416 0.106297 0.760944
0 0.875693 0.658467 0.0954359 0.087063 0.733253
0 0.784604 0.963338 0.130418 0.0725103 0.628525
0 0.761493 0.690893 0.118302 0.127968 0.560249
0 0.402737 0.552651 0.0882289 0.0737482 0.551244
2 0.265835 0.889207 0.0926285 0.141744 0.466977
0 0.487516 0.600865 0.107337 0.0813194 0.457574
0 0.59003 0.883183 0.0963644 0.125112 0.427234
0 0.433591 0.879856 0.100408 0.113363 0.362004
0 0.49039 0.200228 0.220723 0.152912 0.352888
2 0.670864 0.182369 0.158052 0.118114 0.298128
0 0.639668 0.591885 0.0978178 0.0697187 0.293126
2 0.122443 0.889908 0.0781826 0.123608 0.265357
