0 0.573099 0.542125 0.167359 0.168283 0.85933
0 0.37692 0.711948 0.17931 0.187974 0.731613
0 0.119003 0.711876 0.211296 0.221771 0.646798
2 0.583988 0.965516 0.125649 0.0689688 0.502661
2 0.0483391 0.910379 0.082086 0.163905 0.457778
0 0.732513 0.774109 0.112483 0.10414 0.388248
0 0.872532 0.523901 0.119329 0.092526 0.358559
0 0.1963 0.554301 0.10039 0.0774746 0.314719
0 0.558783 0.688569 0.125442 0.123615 0.300227
2 0.219961 0.899009 0.0932253 0.135342 0.294577
0 0.677021 0.651688 0.100033 0.0875361 0.278272
2 0.696408 0.910404 0.0988675 0.0952911 0.266824
