0 0.826192 0.646458 0.235178 0.224237 0.887145
0 0.559196 0.649381 0.286652 0.229385 0.857966
0 0.217865 0.590404 0.0988182 0.0921235 0.790141
0 0.358388 0.624888 0.116816 0.114334 0.73264
0 0.202054 0.707682 0.100957 0.0904909 0.656997
0 0.437688 0.933448 0.107361 0.108812 0.571691
0 0.318153 0.841817 0.0956686 0.0933983 0.520076
0 0.177664 0.805229 0.105258 0.0894262 0.517624
0 0.475253 0.105358 0.155673 0.125206 0.468968
0 0.911668 0.125771 0.175627 0.176905 0.412883
0 0.0763734 0.728679 0.151017 0.0967743 0.407325
0 0.334328 0.749555 0.0734584 0.0766871 0.386995
0 0.30489 0.943042 0.121139 0.102442 0.330196
0 0.0723086 0.622586 0.0850547 0.0762499 0.290072
2 0.119344 0.447692 0.0929403 0.0857271 0.265112
