0 0.842383 0.642497 0.218251 0.221351 0.832195
0 0.588427 0.646307 0.278679 0.225439 0.808964
0 0.225969 0.705019 0.0985885 0.0901186 0.678296
0 0.240587 0.58724 0.100645 0.0904917 0.588951
0 0.37955 0.621665 0.118528 0.123058 0.563493
0 0.0896077 0.726436 0.149 0.0963505 0.463305
0 0.197678 0.80256 0.111032 0.0879196 0.430541
2 0.191634 0.9706 0.162946 0.0581924 0.420791
0 0.463393 0.933039 0.110131 0.1084 0.338407
0 0.442707 0.45281 0.211178 0.195317 0.328739
0 0.345336 0.838173 0.096511 0.0892746 0.325705
2 0.14471 0.443888 0.0902876 0.0849096 0.288911
2 0.218938 0.287624 0.206185 0.156581 0.286449
