0 0.315168 0.6952 0.202166 0.210635 0.89978
0 0.74849 0.538956 0.155236 0.163193 0.837945
0 0.098159 0.701398 0.196318 0.222916 0.836969
0 0.561066 0.700766 0.167914 0.180962 0.828815
0 0.512332 0.408475 0.975337 0.239715 0.758437
0 0.903093 0.763296 0.108251 0.106373 0.718959
2 0.240548 0.193369 0.219698 0.127023 0.718828
0 0.0590497 0.972033 0.101578 0.0554802 0.706346
0 0.248396 0.876532 0.101327 0.1421 0.593612
0 0.417358 0.860514 0.106271 0.105754 0.587621
0 0.469411 0.590447 0.114071 0.0810967 0.492589
0 0.739717 0.686621 0.116834 0.134926 0.421423
2 0.759548 0.954442 0.120751 0.0909679 0.418946
0 0.574613 0.867286 0.0915385 0.123739 0.409148
0 0.760244 0.9541 0.124684 0.0918005 0.341585
0 0.476459 0.210066 0.22178 0.161004 0.318764
2 0.640577 0.179177 0.176369 0.117425 0.301207
0 0.847577 0.645155 0.0923954 0.0856546 0.281742
2 0.25485 0.280917 0.0708011 0.0384482 0.262489
