0 0.583782 0.392322 0.182496 0.0962778 0.856451
0 0.773534 0.348785 0.150138 0.0855977 0.822422
0 0.143961 0.469392 0.16377 0.175475 0.821827
0 0.605941 0.269266 0.154557 0.121291 0.773019
2 0.475849 0.949973 0.209497 0.100054 0.750705
0 0.645386 0.15915 0.111361 0.0971067 0.697212
0 0.619732 0.675513 0.0982252 0.0831301 0.694323
0 0.884713 0.295258 0.0891595 0.097987 0.670726
0 0.59208 0.565395 0.0971598 0.0707198 0.663189
0 0.450049 0.450372 0.116545 0.0939215 0.656995
0 0.74858 0.451769 0.151628 0.0923016 0.649403
2 0.217977 0.138293 0.169163 0.0920687 0.648174
0 0.736199 0.229885 0.0975081 0.0958911 0.637794
0 0.878475 0.261472 0.0976471 0.172065 0.622583
0 0.287729 0.700735 0.112124 0.105899 0.594829
0 0.116624 0.626427 0.12252 0.14578 0.589865
0 0.36101 0.549973 0.0960941 0.0807863 0.481716
0 0.23966 0.580624 0.103087 0.0889166 0.468824
2 0.868403 0.512134 0.114673 0.0658537 0.461817
2 0.949174 0.87807 0.098113 0.0778511 0.418248
0 0.338452 0.204105 0.0965644 0.0671399 0.400554
0 0.864485 0.414345 0.0950973 0.0615065 0.396929
0 0.498162 0.731314 0.100376 0.0901369 0.360578
0 0.499587 0.621832 0.0774117 0.0710844 0.358893
0 0.868278 0.597444 0.10615 0.0854525 0.355022
2 0.238815 0.834437 0.0965977 0.0943413 0.324966
0 0.401029 0.657268 0.0782547 0.0695353 0.322711
2 0.707573 0.985779 0.125719 0.0282471 0.320255
0 0.587722 0.481951 0.0908323 0.0716242 0.317576
2 0.845948 0.688837 0.0759447 0.0792508 0.279278
2 0.286917 0.929188 0.100945 0.0922867 0.272529
0 0.654043 0.880806 0.145826 0.138701 0.253042
