0 0.349469 0.714391 0.215393 0.224423 0.875237
0 0.798651 0.556303 0.160403 0.16758 0.852634
0 0.116759 0.722627 0.227767 0.22447 0.837351
0 0.607742 0.724846 0.189706 0.190197 0.818854
0 0.507155 0.408573 0.90913 0.214424 0.812555
0 0.449347 0.89041 0.0975679 0.113682 0.695299
0 0.951855 0.789443 0.0962906 0.110224 0.638695
0 0.506869 0.606327 0.112282 0.0789838 0.556887
0 0.27899 0.905206 0.106089 0.149843 0.556384
0 0.902274 0.664258 0.0996951 0.0874369 0.551369
2 0.268775 0.218126 0.215696 0.0878484 0.453756
0 0.618792 0.895264 0.0931771 0.12731 0.441452
2 0.697938 0.18031 0.155668 0.119724 0.440204
0 0.786716 0.696637 0.124797 0.12763 0.370712
0 0.924798 0.921474 0.0975071 0.0884491 0.335342
0 0.810163 0.97137 0.127432 0.0572599 0.327262
0 0.422109 0.558314 0.0880902 0.0759384 0.312596
