0 0.571392 0.708904 0.174104 0.184458 0.88005
0 0.324902 0.699478 0.21391 0.212833 0.873208
0 0.758835 0.546095 0.156513 0.170314 0.870949
0 0.100731 0.709917 0.200081 0.220859 0.856105
0 0.504327 0.420508 0.954297 0.247912 0.834027
0 0.914516 0.771192 0.107406 0.107092 0.752562
0 0.421112 0.86938 0.106127 0.108693 0.679618
0 0.859903 0.65036 0.0961875 0.0867189 0.591833
0 0.746487 0.68007 0.111711 0.108898 0.587943
0 0.479047 0.206253 0.216251 0.170844 0.564147
0 0.770292 0.959029 0.121907 0.0819428 0.462012
0 0.581841 0.871008 0.08794 0.120142 0.457864
0 0.059219 0.977086 0.098588 0.0445301 0.442162
0 0.884262 0.898979 0.0829103 0.0841701 0.435342
0 0.254662 0.88135 0.101171 0.143932 0.431383
2 0.816831 0.317184 0.0842831 0.0540135 0.321299
0 0.475426 0.599692 0.111509 0.08004 0.274765
