0 0.664892 0.731426 0.219836 0.239943 0.811795
0 0.511535 0.355385 0.94155 0.290341 0.809964
0 0.115245 0.747521 0.219932 0.286703 0.745903
0 0.882955 0.516879 0.202388 0.211053 0.741706
0 0.414756 0.534272 0.106174 0.0920951 0.740182
0 0.361665 0.730528 0.265521 0.279593 0.697685
0 0.115408 0.581559 0.107353 0.0913853 0.681935
0 0.526731 0.590028 0.138876 0.0991354 0.675085
0 0.46168 0.0976148 0.302447 0.193976 0.595775
2 0.860441 0.909906 0.0844645 0.122623 0.588591
0 0.880445 0.691717 0.150738 0.148828 0.572022
0 0.720998 0.571943 0.116942 0.093483 0.514047
2 0.709855 0.931934 0.118948 0.136132 0.50773
0 0.252162 0.501977 0.0697559 0.0704618 0.445535
0 0.863881 0.0278826 0.140472 0.055358 0.397658
2 0.962995 0.856305 0.0724406 0.096983 0.354524
2 0.691672 0.0650468 0.19831 0.129829 0.299648
0 0.695826 0.0653211 0.195163 0.130642 0.29155
