0 0.614574 0.438501 0.172805 0.0946908 0.899047
0 0.630963 0.317757 0.151545 0.119572 0.824123
0 0.796465 0.396838 0.152425 0.0810767 0.82346
0 0.17141 0.513437 0.180546 0.169268 0.816271
0 0.773267 0.498374 0.150244 0.0911505 0.708049
2 0.50254 0.97378 0.156825 0.0519691 0.657751
0 0.147228 0.669839 0.122865 0.144303 0.610975
0 0.642287 0.721243 0.108309 0.0833671 0.603978
2 0.26774 0.881341 0.0912251 0.0936317 0.574221
0 0.899671 0.311477 0.107376 0.162861 0.563711
0 0.672604 0.20676 0.111677 0.0952695 0.529842
2 0.308629 0.963151 0.090936 0.0730663 0.504874
0 0.316824 0.746792 0.108294 0.10408 0.465397
2 0.437506 0.915431 0.0834888 0.0696188 0.44172
2 0.789452 0.183635 0.107264 0.0912196 0.428852
0 0.760221 0.279046 0.0989158 0.0953565 0.399008
0 0.42746 0.703111 0.0785335 0.0730843 0.388612
0 0.889741 0.460899 0.0854077 0.0590779 0.368462
0 0.679945 0.927649 0.142054 0.138251 0.36324
0 0.392074 0.591638 0.096196 0.0746939 0.355756
2 0.845313 0.954576 0.132722 0.0908483 0.342724
0 0.615353 0.528987 0.0963201 0.0710664 0.329365
2 0.911428 0.645937 0.140166 0.0837688 0.316718
0 0.907525 0.344426 0.0898259 0.0840339 0.28474
2 0.243898 0.188892 0.155693 0.0932688 0.283889
0 0.244979 0.188384 0.160182 0.094532 0.266542
