0 0.742088 0.550057 0.165439 0.169399 0.849158
0 0.546349 0.721246 0.171908 0.18687 0.810754
0 0.290857 0.708042 0.218827 0.244326 0.799868
0 0.509035 0.418388 0.9592 0.240524 0.749616
0 0.90662 0.784681 0.111727 0.108739 0.706591
0 0.439726 0.203425 0.216407 0.170154 0.659079
0 0.0768877 0.717054 0.142795 0.207926 0.556967
0 0.629741 0.172835 0.161492 0.121474 0.541335
0 0.731148 0.699509 0.122173 0.134376 0.366577
2 0.221293 0.907694 0.0898248 0.148482 0.365702
2 0.758465 0.970588 0.125341 0.0587158 0.345159
0 0.927466 0.984355 0.11733 0.0310184 0.292424
2 0.397212 0.891856 0.100051 0.112626 0.25026
