0 0.510114 0.359371 0.978813 0.299024 0.831712
0 0.621995 0.724997 0.215975 0.228578 0.814512
0 0.839476 0.512275 0.198919 0.201132 0.806259
0 0.374845 0.534079 0.11262 0.0950621 0.7304
0 0.486302 0.588789 0.13937 0.0984107 0.711204
0 0.328975 0.728764 0.277356 0.271851 0.646827
0 0.678315 0.569796 0.120581 0.0937874 0.623674
2 0.646683 0.0640973 0.191003 0.127832 0.608822
2 0.418633 0.0956337 0.272441 0.18947 0.55341
0 0.0671509 0.582026 0.116839 0.091379 0.421196
0 0.836473 0.688341 0.143782 0.150726 0.398941
2 0.821701 0.905688 0.0797672 0.120153 0.384954
2 0.671959 0.930483 0.115485 0.138912 0.287491
