0 0.140559 0.471662 0.16622 0.174761 0.856327
0 0.582082 0.392903 0.176281 0.0978893 0.838621
0 0.770811 0.350855 0.146743 0.0862028 0.821215
0 0.285766 0.703356 0.110988 0.107154 0.730646
0 0.646408 0.160136 0.109423 0.0978536 0.694161
0 0.605012 0.272177 0.155253 0.121555 0.672154
2 0.48076 0.950718 0.192656 0.0985636 0.667248
0 0.114642 0.627632 0.123708 0.145414 0.663656
0 0.617918 0.676642 0.0967393 0.083328 0.635949
0 0.884743 0.2999 0.0906284 0.0921374 0.634897
2 0.215042 0.140188 0.167135 0.0924915 0.611039
0 0.875224 0.262689 0.100839 0.172085 0.596802
0 0.731809 0.230755 0.100274 0.0953203 0.596792
0 0.448169 0.45468 0.121029 0.0968374 0.579304
0 0.590105 0.5664 0.0979216 0.0710305 0.577156
0 0.240424 0.582913 0.0987585 0.0878349 0.568603
0 0.7467 0.453453 0.150429 0.0929845 0.563034
2 0.870794 0.515722 0.107198 0.0702599 0.519423
2 0.237375 0.835809 0.0987134 0.0927832 0.517678
2 0.843887 0.691371 0.0757629 0.0788153 0.516467
0 0.359588 0.550919 0.0963085 0.0807121 0.506684
2 0.433252 0.949548 0.2893 0.100905 0.502931
2 0.947173 0.879448 0.0981642 0.0785221 0.463135
2 0.837052 0.126975 0.254438 0.0990644 0.427775
0 0.399792 0.659473 0.0790849 0.0695347 0.356247
0 0.86387 0.416631 0.0964433 0.0639286 0.352144
2 0.706601 0.987093 0.121221 0.0253752 0.347615
0 0.51929 0.817935 0.102503 0.069705 0.345373
2 0.285324 0.932414 0.101755 0.0966133 0.342894
2 0.820504 0.914643 0.122258 0.100264 0.339559
2 0.0620436 0.795048 0.0719795 0.101148 0.329431
2 0.370688 0.781665 0.0937783 0.0945202 0.32214
2 0.782255 0.131017 0.14402 0.0992956 0.314846
0 0.497339 0.621268 0.0754316 0.0676638 0.312782
0 0.495841 0.732349 0.0967633 0.0911633 0.305572
2 0.0720707 0.0889223 0.142113 0.130762 0.304538
2 0.473393 0.193108 0.124828 0.082732 0.290745
2 0.161773 0.751818 0.0479842 0.0830885 0.287592
2 0.877773 0.123998 0.176226 0.0957021 0.28731
2 0.8868 0.785205 0.0835673 0.114908 0.2664
0 0.58681 0.485432 0.0920542 0.0691278 0.263215
