0 0.842528 0.509615 0.19453 0.199076 0.861755
0 0.632099 0.725279 0.219587 0.229597 0.8588
0 0.502582 0.357856 0.965596 0.301603 0.841404
0 0.493854 0.588533 0.136551 0.0969872 0.753953
0 0.38017 0.532648 0.111787 0.0931206 0.750847
0 0.335916 0.72831 0.288273 0.27231 0.717714
0 0.685305 0.569263 0.120291 0.0932607 0.705279
0 0.846927 0.687834 0.147124 0.146859 0.522827
2 0.654156 0.066224 0.192439 0.132439 0.458493
0 0.221531 0.508798 0.0805481 0.0832118 0.453088
2 0.423927 0.0952681 0.287106 0.188178 0.416455
0 0.0686154 0.582223 0.12111 0.0944124 0.400231
0 0.827292 0.0268149 0.136836 0.0535451 0.361691
0 0.673526 0.929042 0.11521 0.138901 0.300858
0 0.420229 0.0933157 0.294719 0.183801 0.292766
2 0.675916 0.929788 0.123804 0.140425 0.278031
2 0.475258 0.934439 0.136913 0.13031 0.262332
0 0.476361 0.935096 0.13995 0.129428 0.250613
