0 0.795464 0.553098 0.16176 0.163534 0.890919
0 0.347544 0.713671 0.215582 0.224525 0.853146
0 0.600812 0.724195 0.180345 0.189574 0.829429
0 0.116509 0.722375 0.226439 0.224885 0.824245
0 0.513275 0.409155 0.922132 0.210464 0.808484
0 0.44712 0.889636 0.0987452 0.112726 0.745776
2 0.694243 0.180836 0.156493 0.118771 0.682612
0 0.950172 0.788863 0.0996565 0.110108 0.678226
0 0.275483 0.905528 0.102245 0.150368 0.532722
0 0.899961 0.663777 0.0990791 0.0863245 0.49004
2 0.265312 0.201873 0.219228 0.118374 0.468466
0 0.809156 0.970651 0.130278 0.058698 0.465259
0 0.616273 0.895567 0.0949948 0.129259 0.435614
0 0.783099 0.703285 0.121898 0.138477 0.433397
0 0.501945 0.606386 0.113233 0.0771301 0.409102
0 0.922388 0.921374 0.0962423 0.0891899 0.32385
0 0.267354 0.19419 0.216182 0.137874 0.305729
0 0.50493 0.206659 0.223843 0.161754 0.303777
0 0.291429 0.531278 0.060552 0.0544347 0.252544
