0 0.323638 0.65472 0.287883 0.231082 0.846842
0 0.579004 0.648523 0.215644 0.216679 0.837954
0 0.83883 0.655199 0.178645 0.182985 0.822069
0 0.21797 0.820238 0.099411 0.114705 0.643387
0 0.117472 0.633947 0.12115 0.122655 0.637291
0 0.188396 0.939988 0.111603 0.108719 0.599172
0 0.07212 0.850711 0.101249 0.0891438 0.561009
0 0.327117 0.954411 0.108822 0.0907703 0.464305
0 0.0596652 0.948875 0.106229 0.0993832 0.459765
2 0.889996 0.958757 0.114312 0.0824423 0.356348
0 0.69914 0.349387 0.586133 0.241293 0.321166
