0 0.317582 0.696242 0.200982 0.209479 0.897798
0 0.750763 0.54004 0.156039 0.158356 0.870118
0 0.0975448 0.702943 0.19509 0.221058 0.852905
0 0.568 0.704266 0.177865 0.184225 0.818531
0 0.905234 0.765466 0.110734 0.10505 0.787571
0 0.485344 0.411816 0.919389 0.239292 0.73332
0 0.418421 0.862337 0.108269 0.106863 0.718966
0 0.0591949 0.973032 0.101336 0.0535282 0.714654
0 0.763741 0.955774 0.123899 0.0884527 0.708782
0 0.576083 0.86821 0.0912484 0.121338 0.683376
0 0.249888 0.878526 0.0985167 0.14421 0.627831
2 0.242662 0.194268 0.223265 0.12864 0.557453
0 0.851582 0.6479 0.0974392 0.086615 0.499165
0 0.740092 0.675453 0.123395 0.123232 0.430326
0 0.475741 0.209827 0.217913 0.16369 0.407071
0 0.877116 0.89132 0.0948602 0.088002 0.382543
2 0.807662 0.313907 0.0773563 0.0529522 0.303817
0 0.47232 0.595671 0.108447 0.0774628 0.255538
