0 0.337302 0.719932 0.222897 0.222455 0.852724
0 0.781083 0.551443 0.162652 0.171992 0.839784
0 0.47855 0.425248 0.893519 0.240356 0.832023
0 0.101731 0.72778 0.203462 0.228137 0.821272
0 0.586239 0.726002 0.17729 0.191791 0.818526
0 0.946062 0.789852 0.107875 0.111316 0.650365
2 0.24299 0.191364 0.230215 0.136154 0.551078
0 0.773632 0.704096 0.125159 0.141552 0.496902
0 0.491312 0.6117 0.111011 0.0815555 0.451439
2 0.792205 0.97171 0.146319 0.0565443 0.390356
0 0.481895 0.204829 0.215172 0.170053 0.386947
0 0.60381 0.897352 0.0950721 0.126531 0.377065
2 0.668196 0.176402 0.160424 0.124682 0.345037
2 0.264372 0.911559 0.097616 0.153608 0.286959
