0 0.790066 0.551775 0.161882 0.16573 0.883795
0 0.345514 0.712762 0.214035 0.22142 0.864319
0 0.594749 0.72136 0.171003 0.18713 0.846244
0 0.523258 0.416259 0.897264 0.232751 0.812691
0 0.113418 0.720641 0.223633 0.227463 0.80662
0 0.44359 0.889094 0.0965259 0.112133 0.74024
0 0.94841 0.788236 0.10318 0.110298 0.682127
0 0.779369 0.706336 0.122575 0.146094 0.646847
0 0.505064 0.2074 0.22098 0.166069 0.585185
0 0.805486 0.970321 0.13009 0.0593574 0.549558
2 0.264437 0.198803 0.223416 0.12205 0.534943
0 0.271337 0.904539 0.0983311 0.150362 0.493698
0 0.896316 0.665134 0.0986511 0.0884413 0.493237
0 0.61154 0.893233 0.092104 0.12591 0.463341
0 0.501344 0.606068 0.110449 0.0753265 0.455702
0 0.288863 0.530165 0.0630767 0.0531896 0.401432
0 0.266394 0.19299 0.218837 0.136037 0.302425
2 0.689626 0.179996 0.162022 0.122806 0.286235
0 0.917829 0.919972 0.100892 0.0912033 0.26122
