0 0.512027 0.653275 0.284326 0.227673 0.846593
0 0.775456 0.650032 0.227426 0.220421 0.800606
0 0.312373 0.626783 0.114288 0.114898 0.607678
0 0.154841 0.71194 0.1001 0.087775 0.53437
0 0.888995 0.128391 0.213835 0.178581 0.531392
0 0.268844 0.848992 0.094424 0.0874271 0.451345
0 0.387329 0.938082 0.108104 0.107685 0.451315
2 0.884901 0.830736 0.100285 0.11963 0.430359
0 0.252567 0.946475 0.117562 0.103126 0.378206
2 0.105426 0.974879 0.158061 0.0496838 0.329074
0 0.123349 0.809962 0.120025 0.0903399 0.298504
0 0.104469 0.903153 0.0912707 0.0762085 0.285005
0 0.169088 0.593717 0.096097 0.0914437 0.267541
