0 0.317309 0.695746 0.202296 0.209984 0.899707
0 0.749538 0.538856 0.153392 0.161068 0.87212
0 0.0974977 0.702238 0.194995 0.221278 0.855469
0 0.565646 0.70322 0.177792 0.1845 0.820752
0 0.904589 0.763469 0.111934 0.106423 0.760584
0 0.511967 0.414025 0.976066 0.245368 0.759003
2 0.241412 0.193092 0.222353 0.126684 0.696711
0 0.0600091 0.972565 0.102778 0.0544846 0.691487
0 0.41844 0.861625 0.105889 0.107032 0.663673
0 0.24977 0.877472 0.0995015 0.143674 0.65627
0 0.574923 0.867551 0.0935955 0.122654 0.61509
0 0.761095 0.954402 0.125151 0.091197 0.60634
0 0.849084 0.646048 0.0971303 0.0870453 0.506182
0 0.740358 0.682025 0.117526 0.129654 0.492706
0 0.470558 0.593382 0.112428 0.0778933 0.378375
2 0.644644 0.180827 0.170031 0.114992 0.378113
2 0.473989 0.211111 0.214617 0.163666 0.373753
0 0.870512 0.889619 0.0946533 0.0886238 0.359978
2 0.804429 0.312957 0.0787113 0.0534781 0.353467
