0 0.342953 0.642818 0.174138 0.179319 0.87128
0 0.128074 0.651315 0.220346 0.181149 0.831239
0 0.545436 0.654757 0.145668 0.153501 0.819831
0 0.706259 0.868762 0.102898 0.0879766 0.624241
0 0.126404 0.898348 0.0905905 0.0887356 0.51608
0 0.0665627 0.971749 0.121076 0.0560764 0.464115
0 0.488172 0.400683 0.865236 0.231158 0.44676
0 0.700134 0.518141 0.13959 0.134433 0.375531
0 0.427612 0.787838 0.0866462 0.0986172 0.31108
0 0.284208 0.793422 0.0911619 0.116389 0.264181
0 0.828036 0.705985 0.0862961 0.0864014 0.252339
