0 0.698139 0.722459 0.208409 0.219971 0.866232
0 0.134997 0.737202 0.260311 0.265292 0.821652
0 0.554003 0.374296 0.840726 0.282089 0.78875
0 0.408998 0.722354 0.25507 0.273002 0.784359
0 0.897262 0.524624 0.182103 0.195801 0.749703
0 0.562101 0.592407 0.126784 0.0974541 0.716476
0 0.899727 0.688493 0.142484 0.134989 0.688932
0 0.509106 0.11952 0.260292 0.195749 0.664946
0 0.460567 0.536317 0.101725 0.0870586 0.664636
0 0.729214 0.922717 0.106786 0.14665 0.61288
2 0.724039 0.0899654 0.180947 0.146097 0.58342
0 0.176374 0.578301 0.0890327 0.0831766 0.572275
0 0.542482 0.912439 0.120761 0.111808 0.571549
0 0.226153 0.10866 0.239174 0.163818 0.398992
0 0.741995 0.576124 0.120661 0.0854314 0.387276
0 0.0834128 0.475413 0.101266 0.0772993 0.385562
0 0.306261 0.512375 0.0813059 0.0710264 0.371287
0 0.905601 0.148551 0.184985 0.104005 0.296748
0 0.345032 0.921583 0.111089 0.131006 0.276455
