0 0.45146 0.650869 0.216977 0.219046 0.865924
0 0.704521 0.6565 0.179215 0.186913 0.856992
0 0.20092 0.662213 0.269675 0.224011 0.855638
0 0.884701 0.488064 0.171805 0.171876 0.706298
0 0.621471 0.357815 0.692762 0.244496 0.67385
0 0.0811251 0.943284 0.109707 0.101987 0.638077
0 0.609895 0.959446 0.143907 0.0808582 0.552098
0 0.562372 0.142265 0.234411 0.170409 0.431299
0 0.771227 0.954553 0.113696 0.0908211 0.42482
0 0.878921 0.627131 0.120074 0.120043 0.371818
0 0.507036 0.496713 0.0962857 0.0731123 0.352885
2 0.176589 0.440207 0.108303 0.0638243 0.312006
2 0.932451 0.920095 0.119096 0.105427 0.301436
2 0.270342 0.44783 0.0432141 0.0456661 0.278475
0 0.934115 0.91967 0.124834 0.105636 0.274097
