0 0.67471 0.686156 0.177907 0.190644 0.874259
0 0.426487 0.686368 0.230241 0.233295 0.86244
0 0.159294 0.699418 0.274752 0.232497 0.857916
0 0.856251 0.516007 0.16382 0.168683 0.75676
0 0.616965 0.382887 0.739293 0.256798 0.703396
2 0.711545 0.130307 0.168014 0.124453 0.635986
0 0.915732 0.952526 0.129854 0.0949478 0.586471
0 0.755437 0.974895 0.113968 0.0498878 0.507502
0 0.371545 0.863525 0.105758 0.120255 0.48274
2 0.520091 0.162688 0.234297 0.172853 0.479397
0 0.0483038 0.966488 0.0966076 0.0670147 0.464647
0 0.710245 0.864426 0.0929508 0.13394 0.418255
0 0.856761 0.669021 0.125253 0.142582 0.388268
0 0.0666797 0.865965 0.101101 0.113787 0.384665
0 0.564151 0.57563 0.112496 0.0823317 0.348597
0 0.545209 0.859246 0.10808 0.108412 0.27174
0 0.196048 0.97753 0.129726 0.0446655 0.254068
