0 0.226734 0.445074 0.167792 0.171204 0.844728
0 0.667741 0.367954 0.173865 0.0973226 0.812906
0 0.702924 0.652908 0.102847 0.0835396 0.760103
0 0.855433 0.327024 0.145113 0.0845965 0.7573
2 0.560341 0.937088 0.220156 0.125824 0.724934
0 0.690437 0.246382 0.154993 0.118506 0.654552
0 0.373585 0.677806 0.1103 0.106169 0.629406
0 0.729795 0.133147 0.114703 0.0972172 0.603129
0 0.81535 0.207277 0.104048 0.0946965 0.516616
0 0.739767 0.857695 0.145411 0.135257 0.475448
0 0.67391 0.546371 0.0962219 0.0746248 0.473224
2 0.850922 0.110507 0.109102 0.090019 0.470479
0 0.203602 0.602049 0.124732 0.14336 0.470445
0 0.834037 0.429769 0.151348 0.0948547 0.44108
2 0.802772 0.973655 0.125144 0.0526897 0.416977
0 0.581365 0.706931 0.0923455 0.0905188 0.392058
0 0.445236 0.525681 0.0917479 0.080746 0.386024
0 0.535352 0.429338 0.121192 0.0985015 0.379322
2 0.833513 0.428989 0.152088 0.0981971 0.356093
0 0.329206 0.554884 0.101315 0.0914188 0.338448
0 0.458868 0.756767 0.0899031 0.0931503 0.310484
2 0.298444 0.114961 0.171667 0.0945448 0.304716
0 0.674049 0.462732 0.0923221 0.0681107 0.293488
2 0.833647 0.612115 0.0976332 0.0708149 0.291301
2 0.952663 0.578943 0.0946743 0.0875223 0.2883
2 0.484642 0.0939846 0.128539 0.0961057 0.274332
2 0.933756 0.668502 0.0793498 0.0791943 0.26307
