0 0.690567 0.461136 0.175968 0.0911612 0.880907
0 0.706791 0.342351 0.151211 0.117439 0.821728
0 0.875513 0.422124 0.148586 0.0815565 0.782588
0 0.253526 0.535466 0.171774 0.172594 0.753647
0 0.853325 0.525277 0.154394 0.0985867 0.630011
0 0.724205 0.747909 0.105167 0.0837659 0.551789
0 0.69377 0.636103 0.0837725 0.0693741 0.508831
0 0.744903 0.229798 0.115297 0.0920971 0.493137
0 0.836042 0.305486 0.101946 0.0934195 0.465963
2 0.351211 0.90616 0.0959379 0.0939564 0.405163
2 0.86444 0.210147 0.101372 0.0872913 0.334991
2 0.175031 0.156856 0.171204 0.122248 0.298657
