0 0.351612 0.715884 0.215406 0.228096 0.853063
0 0.510277 0.418407 0.919805 0.245108 0.845112
0 0.808239 0.556307 0.159763 0.17061 0.819072
0 0.115718 0.725467 0.231436 0.233072 0.810969
0 0.61447 0.728341 0.182252 0.193046 0.776089
0 0.516245 0.206674 0.229383 0.174791 0.775858
0 0.513937 0.61082 0.116736 0.0853973 0.547007
0 0.270895 0.190824 0.221648 0.140871 0.526674
0 0.917763 0.669029 0.0909718 0.0889385 0.502025
0 0.458963 0.898283 0.10748 0.114984 0.499477
0 0.62363 0.900409 0.088249 0.128728 0.369433
0 0.822679 0.973948 0.132364 0.0521039 0.334237
0 0.702774 0.175028 0.163213 0.122762 0.317739
0 0.799711 0.696482 0.125733 0.123232 0.307869
0 0.280672 0.908941 0.108475 0.149631 0.294443
0 0.0663481 0.182934 0.129763 0.127587 0.265849
0 0.959252 0.793472 0.0814957 0.112052 0.25123
