0 0.351819 0.71711 0.215746 0.226703 0.859184
0 0.506744 0.419678 0.909931 0.24663 0.844573
0 0.115666 0.72589 0.231332 0.232389 0.82031
0 0.808253 0.556744 0.159778 0.170803 0.812414
0 0.614443 0.72852 0.182514 0.193296 0.76053
0 0.517411 0.206556 0.23021 0.174357 0.752121
0 0.513879 0.611547 0.117026 0.084889 0.531067
0 0.917507 0.669364 0.091058 0.0884064 0.526946
0 0.459007 0.898025 0.106636 0.114525 0.49406
0 0.272388 0.190685 0.222519 0.141159 0.447256
0 0.623712 0.900596 0.0883555 0.128754 0.363563
0 0.280382 0.909106 0.108802 0.149847 0.303322
0 0.702076 0.175111 0.163403 0.122243 0.296212
0 0.799762 0.696556 0.126311 0.123022 0.290358
0 0.822309 0.974342 0.131597 0.0513151 0.274606
2 0.813514 0.973043 0.139278 0.0539131 0.26782
