0 0.786992 0.528266 0.201887 0.199889 0.849191
0 0.278142 0.746347 0.261725 0.272166 0.777419
0 0.480329 0.364315 0.928705 0.271609 0.691014
2 0.594598 0.0725788 0.194931 0.143315 0.676104
0 0.576322 0.743561 0.217776 0.229656 0.629262
0 0.326556 0.549348 0.108472 0.0924737 0.622078
2 0.767497 0.919567 0.0791385 0.123879 0.609671
0 0.440438 0.604519 0.139431 0.0942954 0.60712
0 0.628179 0.58388 0.113213 0.0943474 0.54883
0 0.899284 0.423096 0.0783919 0.0859654 0.539499
2 0.577013 0.745685 0.223089 0.233018 0.42541
0 0.927892 0.660605 0.100725 0.105381 0.407275
2 0.78068 0.035192 0.167798 0.0685717 0.379442
0 0.787997 0.703972 0.148754 0.145708 0.358216
2 0.62391 0.938106 0.115942 0.123788 0.352472
2 0.4215 0.942179 0.128374 0.115097 0.318369
2 0.791018 0.137001 0.198237 0.113187 0.317426
0 0.792859 0.136005 0.199333 0.113848 0.307331
2 0.37227 0.104405 0.276422 0.207751 0.264463
0 0.925098 0.425996 0.142453 0.088732 0.255461
