0 0.786021 0.530058 0.20187 0.198334 0.854532
0 0.276251 0.746834 0.262654 0.270669 0.764971
0 0.502676 0.373168 0.973157 0.28801 0.710856
2 0.592931 0.0727301 0.192622 0.143546 0.63407
0 0.325081 0.551015 0.109532 0.094742 0.609526
2 0.765197 0.920332 0.0827552 0.1244 0.60017
0 0.438616 0.606324 0.139767 0.0940268 0.569644
2 0.575269 0.746539 0.222671 0.232856 0.560551
0 0.627796 0.583091 0.115685 0.0942537 0.553266
0 0.574932 0.744883 0.21873 0.230069 0.517311
0 0.787039 0.706411 0.146927 0.149617 0.405218
0 0.896108 0.423046 0.0849108 0.0819447 0.394489
2 0.789504 0.137696 0.197718 0.114687 0.344647
2 0.424777 0.942898 0.133762 0.114204 0.327638
0 0.927066 0.662352 0.102102 0.106394 0.320324
2 0.620717 0.938997 0.114421 0.122006 0.310325
0 0.78939 0.137157 0.199 0.115925 0.307584
0 0.367124 0.104078 0.277072 0.205918 0.281729
2 0.813732 0.0350458 0.268932 0.0686184 0.254401
