0 0.63224 0.258544 0.151805 0.12006 0.89194
0 0.612116 0.38035 0.176923 0.0969747 0.885645
0 0.799158 0.337118 0.150629 0.0857657 0.863683
0 0.169138 0.455847 0.177505 0.173095 0.855554
0 0.771482 0.440172 0.151685 0.0946348 0.776757
0 0.764013 0.218451 0.105556 0.0974334 0.772303
0 0.899415 0.251464 0.107608 0.167674 0.734484
0 0.673904 0.147027 0.109107 0.0967831 0.713451
2 0.499487 0.943097 0.21291 0.112789 0.687817
0 0.426326 0.105244 0.128308 0.0939071 0.677476
0 0.618177 0.554897 0.0938643 0.0733291 0.661976
2 0.852282 0.903593 0.118992 0.0950455 0.628702
0 0.643425 0.66489 0.11038 0.0853237 0.604253
0 0.148533 0.613083 0.123984 0.145517 0.58549
0 0.782873 0.531881 0.0766739 0.0802221 0.533946
0 0.242562 0.128254 0.171205 0.0933007 0.518378
0 0.902165 0.585418 0.120105 0.0848005 0.515772
0 0.391251 0.536941 0.096197 0.0761623 0.488723
0 0.472708 0.439375 0.120464 0.103187 0.485698
0 0.617277 0.470508 0.0933699 0.0719673 0.479043
0 0.792152 0.120274 0.11309 0.0980361 0.469991
2 0.269037 0.81986 0.0925322 0.086995 0.454727
0 0.315545 0.688441 0.105762 0.108053 0.428346
2 0.708683 0.85645 0.199973 0.152913 0.403367
0 0.775443 0.621965 0.0968791 0.0745426 0.392631
0 0.890753 0.403889 0.0880481 0.0608095 0.390789
2 0.756889 0.717349 0.0848067 0.0827051 0.371533
0 0.426217 0.645104 0.0751199 0.0747491 0.353999
2 0.0915313 0.0716043 0.162889 0.128535 0.353863
2 0.665475 0.759938 0.0854055 0.0698697 0.339093
2 0.726124 0.980093 0.177109 0.0398148 0.337658
2 0.438948 0.852617 0.086675 0.0700272 0.292551
2 0.189956 0.738156 0.0451978 0.0833677 0.290181
2 0.309265 0.913314 0.0889122 0.0864651 0.273839
0 0.919767 0.109584 0.15222 0.101539 0.269121
2 0.885589 0.502304 0.130978 0.0724745 0.260459
2 0.78368 0.815524 0.12383 0.0835255 0.252075
