0 0.526212 0.652349 0.289207 0.227807 0.797761
0 0.787391 0.648045 0.220863 0.219155 0.760915
0 0.282841 0.845414 0.097099 0.0885027 0.62354
0 0.325398 0.626282 0.120907 0.114873 0.577396
0 0.899776 0.129232 0.197516 0.177539 0.431381
2 0.122798 0.97382 0.153287 0.0516636 0.393111
0 0.271285 0.945462 0.108004 0.100105 0.38507
0 0.184798 0.594122 0.0994224 0.0896448 0.37492
0 0.142861 0.808785 0.109459 0.0911934 0.305823
0 0.160859 0.293676 0.208995 0.160694 0.297638
0 0.404864 0.93736 0.108576 0.109161 0.258179
