0 0.758179 0.551016 0.164343 0.17281 0.890244
0 0.565934 0.722023 0.183223 0.185804 0.813548
0 0.303712 0.710961 0.214941 0.235808 0.803513
0 0.524688 0.412755 0.944525 0.219292 0.754326
0 0.0893317 0.727139 0.164196 0.224162 0.684399
0 0.925126 0.787399 0.112825 0.110166 0.604114
0 0.459387 0.203639 0.222653 0.170412 0.493693
0 0.861941 0.66355 0.102033 0.0907351 0.426708
0 0.646688 0.175 0.168272 0.124568 0.351075
0 0.743924 0.694906 0.119807 0.121352 0.332464
2 0.777528 0.97099 0.129394 0.05802 0.258455
