0 0.796594 0.554216 0.160573 0.164159 0.888312
0 0.348455 0.714467 0.21574 0.225808 0.86659
0 0.116891 0.722773 0.227675 0.225245 0.831781
0 0.602671 0.724242 0.183069 0.188809 0.824706
0 0.521879 0.41098 0.894233 0.215576 0.81683
0 0.448184 0.890526 0.0986842 0.114755 0.763148
0 0.950858 0.789325 0.0982837 0.109061 0.659284
2 0.693914 0.180976 0.157824 0.118962 0.615547
0 0.277778 0.905533 0.104351 0.149895 0.569668
0 0.617 0.895073 0.0944124 0.127769 0.53646
2 0.26621 0.202401 0.219098 0.119575 0.518999
0 0.900053 0.664499 0.101937 0.0896094 0.51685
0 0.786448 0.698363 0.120877 0.130221 0.489084
0 0.809318 0.97081 0.130103 0.0583797 0.462234
0 0.502709 0.606312 0.113792 0.0786028 0.445993
0 0.927419 0.922498 0.0922519 0.0884108 0.32478
0 0.268323 0.194914 0.217362 0.138 0.262075
