0 0.677097 0.681515 0.179378 0.193719 0.869765
0 0.166033 0.691472 0.280418 0.23032 0.86818
0 0.425303 0.678102 0.223999 0.227952 0.786866
0 0.854331 0.511413 0.160208 0.168282 0.716125
0 0.606351 0.378392 0.749126 0.255107 0.632492
0 0.055905 0.96173 0.108877 0.0765232 0.603702
0 0.751062 0.968918 0.113093 0.0621642 0.51723
0 0.544233 0.862575 0.104321 0.137431 0.503879
0 0.912859 0.946309 0.123987 0.104793 0.496158
0 0.374334 0.849862 0.102597 0.114985 0.460336
2 0.527304 0.161666 0.224667 0.16757 0.452976
0 0.709615 0.855865 0.0936412 0.133856 0.441119
0 0.193921 0.970285 0.109249 0.0594292 0.4347
2 0.709585 0.127946 0.168443 0.12194 0.423551
0 0.584265 0.975149 0.136484 0.0497017 0.413028
0 0.857125 0.654751 0.123406 0.127409 0.334229
0 0.230077 0.861838 0.0817884 0.115137 0.291326
