0 0.332807 0.718727 0.222285 0.223457 0.850796
0 0.777077 0.553074 0.162496 0.171174 0.849964
0 0.582388 0.726576 0.179993 0.193853 0.832587
0 0.50862 0.420545 0.923719 0.245704 0.818504
0 0.100702 0.727384 0.192739 0.224706 0.798582
0 0.943705 0.790048 0.112591 0.112697 0.585533
0 0.883141 0.663935 0.101553 0.0902645 0.549363
2 0.796589 0.972488 0.143753 0.054763 0.542726
2 0.732436 0.875957 0.0688287 0.0984219 0.518928
0 0.483732 0.611737 0.109693 0.0849216 0.516558
0 0.47844 0.205091 0.222166 0.168609 0.499374
0 0.769863 0.701887 0.124641 0.136777 0.406125
0 0.237876 0.191997 0.227503 0.139169 0.394063
2 0.237363 0.194468 0.227563 0.132413 0.387438
2 0.664464 0.17616 0.162071 0.12492 0.282125
