0 0.684781 0.628083 0.289199 0.229398 0.837277
0 0.329542 0.567784 0.0972804 0.0884935 0.723637
0 0.473585 0.611322 0.124284 0.136765 0.686373
0 0.530937 0.436495 0.20583 0.200313 0.658931
2 0.284944 0.959588 0.184215 0.0807686 0.627876
0 0.187028 0.706608 0.154562 0.0965807 0.59831
0 0.324009 0.685613 0.0990249 0.092647 0.570445
0 0.192836 0.605489 0.0831399 0.0793811 0.511066
0 0.441491 0.815926 0.0976149 0.0919987 0.432496
2 0.302648 0.271019 0.204794 0.159349 0.411417
0 0.296671 0.781588 0.112467 0.09013 0.399033
0 0.915356 0.625131 0.165743 0.220969 0.393851
0 0.116779 0.240912 0.115302 0.0795376 0.391427
0 0.564139 0.912823 0.108084 0.109728 0.35043
0 0.147792 0.373956 0.141776 0.109329 0.255711
