0 0.349659 0.713846 0.215599 0.224933 0.876362
0 0.799908 0.556378 0.161875 0.16781 0.850035
0 0.116964 0.722628 0.228413 0.224435 0.841839
0 0.604789 0.7233 0.178693 0.187649 0.827877
0 0.507562 0.409929 0.914108 0.216054 0.81148
0 0.449936 0.891881 0.0978863 0.116631 0.710169
0 0.952081 0.789543 0.0958384 0.109914 0.623617
0 0.507941 0.606513 0.112093 0.0788827 0.542012
2 0.26876 0.219291 0.215245 0.0836088 0.5329
0 0.619329 0.89631 0.0927382 0.128848 0.529954
0 0.902181 0.664232 0.100932 0.0887197 0.528187
0 0.279481 0.904208 0.107827 0.147655 0.497327
2 0.697517 0.180487 0.156183 0.119628 0.493941
0 0.930077 0.925487 0.0903331 0.0927717 0.425705
0 0.789174 0.696022 0.122703 0.125033 0.394298
0 0.42252 0.557126 0.0895798 0.0746423 0.301738
0 0.809783 0.971426 0.126336 0.0571472 0.301531
0 0.0671539 0.188209 0.132301 0.122289 0.279302
0 0.51032 0.207948 0.228277 0.168788 0.250152
