0 0.697928 0.721127 0.208764 0.219547 0.868009
0 0.577704 0.37514 0.80976 0.278444 0.830299
0 0.410309 0.720332 0.256521 0.269682 0.788443
0 0.894743 0.524821 0.182201 0.196837 0.766841
0 0.136173 0.736579 0.259294 0.264707 0.736936
0 0.561871 0.590745 0.124713 0.0956594 0.697822
2 0.722743 0.0930327 0.182973 0.150099 0.660039
0 0.899044 0.687162 0.142136 0.136367 0.655734
0 0.460974 0.536396 0.102043 0.0871149 0.640664
0 0.540715 0.924362 0.119179 0.139343 0.607254
0 0.509271 0.12318 0.260356 0.19225 0.58804
0 0.726782 0.920537 0.106236 0.146754 0.544187
0 0.177681 0.577595 0.0891693 0.0830666 0.441382
0 0.740662 0.576439 0.119184 0.0867697 0.41727
0 0.908446 0.595974 0.183109 0.332036 0.303745
0 0.905903 0.154311 0.185636 0.10173 0.288711
0 0.226623 0.111571 0.240395 0.162556 0.256265
0 0.0885103 0.475993 0.102834 0.0768868 0.256231
2 0.51329 0.12275 0.251587 0.194859 0.252878
