0 0.514613 0.359919 0.970773 0.301996 0.865631
0 0.649523 0.724552 0.224171 0.232121 0.832359
0 0.394013 0.529775 0.11154 0.0879836 0.821769
0 0.508358 0.588856 0.138154 0.0977602 0.713671
0 0.858306 0.510977 0.194134 0.203777 0.701295
0 0.342416 0.729586 0.285359 0.272017 0.696282
2 0.667177 0.0637641 0.191068 0.127528 0.65725
0 0.858655 0.688746 0.147375 0.146005 0.637652
0 0.696765 0.56792 0.123531 0.0933187 0.633149
2 0.84219 0.90691 0.0801514 0.119287 0.577071
2 0.438208 0.0941489 0.281454 0.186707 0.524041
0 0.231132 0.508651 0.081271 0.0836824 0.407439
0 0.089806 0.579776 0.091978 0.090278 0.383261
0 0.741328 0.240916 0.123808 0.0893427 0.360746
0 0.088599 0.743735 0.175552 0.278616 0.281343
0 0.558943 0.502055 0.0799968 0.0576466 0.266694
