0 0.312844 0.671665 0.197501 0.225074 0.863124
0 0.733065 0.531754 0.153289 0.159203 0.822709
0 0.550235 0.690624 0.166277 0.177842 0.806102
0 0.100601 0.692697 0.201202 0.215452 0.80274
0 0.505595 0.411365 0.96243 0.240733 0.780566
0 0.884959 0.749453 0.106147 0.0998184 0.753047
0 0.460935 0.209007 0.214688 0.161555 0.63767
0 0.831155 0.63634 0.0915846 0.0842861 0.609031
0 0.724114 0.672294 0.115419 0.132208 0.572859
0 0.745954 0.944318 0.120628 0.104287 0.511789
0 0.632141 0.18371 0.153406 0.119109 0.506573
0 0.061853 0.964397 0.104452 0.0707643 0.48569
2 0.236973 0.195562 0.21081 0.122008 0.459601
2 0.233197 0.97077 0.152499 0.0584608 0.444623
0 0.461301 0.581589 0.104829 0.0763893 0.40322
2 0.686185 0.828343 0.066878 0.0942484 0.389454
0 0.240079 0.193946 0.20804 0.122245 0.388859
0 0.246316 0.859579 0.0931512 0.13993 0.308817
0 0.896568 0.958499 0.0894521 0.0800852 0.298851
