0 0.432706 0.671423 0.216985 0.221901 0.877119
0 0.17439 0.679702 0.269642 0.224962 0.864897
0 0.677542 0.672081 0.179191 0.18306 0.858538
0 0.853276 0.50595 0.159938 0.163259 0.81502
0 0.749846 0.964564 0.109513 0.0708711 0.753237
0 0.590224 0.969616 0.153924 0.0607677 0.715255
0 0.909297 0.937562 0.124404 0.109687 0.710533
0 0.709228 0.844616 0.0924639 0.127676 0.617881
0 0.549502 0.837367 0.110464 0.1054 0.549678
0 0.61391 0.373264 0.729792 0.247055 0.549025
0 0.379242 0.843284 0.105209 0.119229 0.518773
0 0.197896 0.96594 0.110259 0.0681194 0.489005
0 0.0592493 0.956235 0.107198 0.0875301 0.397768
2 0.711329 0.129057 0.165183 0.119883 0.349042
0 0.0836525 0.84579 0.0952662 0.113766 0.289555
0 0.854496 0.64174 0.117983 0.124949 0.281164
2 0.528046 0.160393 0.221962 0.166675 0.273999
