0 0.603139 0.3826 0.182173 0.0979133 0.894345
0 0.621261 0.263034 0.15698 0.119598 0.873257
0 0.158602 0.460161 0.172455 0.171428 0.837513
0 0.79225 0.341577 0.145 0.0849215 0.800194
0 0.764379 0.442954 0.150888 0.0950667 0.795978
0 0.889171 0.587798 0.112086 0.0887497 0.761543
0 0.89567 0.251294 0.10586 0.164352 0.7331
2 0.492854 0.944903 0.207698 0.109723 0.729069
2 0.842643 0.903541 0.120622 0.0971348 0.694174
0 0.666328 0.148952 0.106965 0.0969205 0.688213
0 0.607926 0.556708 0.0935898 0.0711045 0.624621
0 0.751359 0.222309 0.0965958 0.0970166 0.613539
0 0.418808 0.107593 0.12639 0.0950329 0.587902
0 0.636433 0.66742 0.103622 0.084251 0.572281
0 0.136874 0.612862 0.125085 0.138889 0.564829
0 0.306392 0.692588 0.107923 0.106711 0.557738
0 0.468067 0.439054 0.124009 0.0953628 0.516125
0 0.416734 0.647487 0.0824785 0.0735252 0.500133
0 0.382151 0.540786 0.0980445 0.0794373 0.496072
2 0.260912 0.824586 0.0927053 0.0899289 0.491413
2 0.908341 0.110522 0.134474 0.0979099 0.429428
0 0.60486 0.474787 0.0864417 0.0707205 0.426386
2 0.902911 0.777077 0.0849838 0.104297 0.420877
2 0.541238 0.807222 0.108037 0.0698626 0.419925
2 0.775208 0.819494 0.130507 0.0853167 0.351753
2 0.962081 0.87002 0.0758375 0.0777096 0.34473
2 0.7252 0.981669 0.146026 0.036661 0.328256
2 0.880156 0.506149 0.12806 0.0711824 0.322405
0 0.389438 0.77144 0.0941425 0.0924633 0.3176
2 0.853653 0.929167 0.109645 0.0420284 0.312535
0 0.777526 0.536938 0.0785044 0.0813047 0.298608
2 0.673256 0.869843 0.148389 0.129696 0.271779
2 0.231382 0.130205 0.158093 0.0981915 0.268607
0 0.767898 0.624459 0.0980333 0.0726141 0.267652
0 0.258537 0.57013 0.10228 0.0856897 0.26683
