0 0.543157 0.357524 0.889716 0.295626 0.837882
0 0.885932 0.517384 0.200715 0.20876 0.803243
0 0.666226 0.729489 0.218927 0.233082 0.767816
0 0.117774 0.747146 0.224864 0.283864 0.698995
0 0.367219 0.72921 0.274623 0.272493 0.65688
2 0.862149 0.911388 0.0814012 0.123639 0.582476
0 0.465136 0.0979807 0.302607 0.194659 0.544831
2 0.713151 0.932527 0.116708 0.134945 0.533017
0 0.722809 0.573876 0.12223 0.0901216 0.523425
0 0.419119 0.53626 0.108704 0.0945576 0.480229
0 0.892187 0.691617 0.162951 0.143397 0.389079
0 0.532313 0.592257 0.137306 0.09706 0.387495
0 0.699684 0.0661066 0.1941 0.132213 0.385928
0 0.866615 0.028086 0.134188 0.0559285 0.325507
2 0.510664 0.935749 0.134415 0.12749 0.276608
0 0.115778 0.581969 0.110013 0.0904743 0.266233
2 0.963397 0.858349 0.0727353 0.0996565 0.258637
