0 0.144626 0.718457 0.28218 0.25403 0.870469
0 0.696582 0.710323 0.208888 0.21218 0.866383
0 0.581393 0.374672 0.808571 0.277582 0.862458
0 0.517691 0.130968 0.246887 0.189725 0.793493
0 0.419218 0.706428 0.248261 0.252312 0.779041
0 0.889823 0.518849 0.1779 0.185513 0.753233
0 0.46866 0.529145 0.101094 0.079714 0.709844
0 0.196186 0.571464 0.0990912 0.0791298 0.662181
0 0.567357 0.58528 0.124545 0.0900479 0.658858
0 0.724008 0.10073 0.167097 0.142506 0.543096
0 0.889251 0.676947 0.135482 0.140775 0.540182
0 0.546699 0.909624 0.113709 0.149477 0.537379
0 0.0815219 0.459351 0.146652 0.0968922 0.525539
0 0.724639 0.904757 0.102417 0.147811 0.49408
0 0.738918 0.564023 0.112944 0.0777755 0.476197
0 0.319434 0.511556 0.0773131 0.0791519 0.456007
2 0.941922 0.971765 0.114515 0.0564699 0.429264
0 0.900155 0.159867 0.180809 0.104053 0.419114
2 0.867027 0.872373 0.0696469 0.10736 0.417875
0 0.105786 0.470814 0.103014 0.0726688 0.357321
0 0.907411 0.0521422 0.182534 0.103321 0.297881
