0 0.677082 0.681509 0.179418 0.193709 0.869252
0 0.166033 0.691473 0.280408 0.230319 0.868088
0 0.425308 0.67809 0.224005 0.227968 0.786809
0 0.854331 0.51144 0.160216 0.168322 0.714619
0 0.606416 0.378425 0.749269 0.255202 0.629753
0 0.0559179 0.961721 0.10892 0.0765415 0.603965
0 0.75106 0.968918 0.113091 0.0621634 0.517512
0 0.544234 0.862574 0.104325 0.137432 0.502394
0 0.912859 0.946309 0.123988 0.104791 0.49623
0 0.374392 0.849835 0.102511 0.114926 0.459593
2 0.52729 0.16171 0.224641 0.167481 0.452782
0 0.709614 0.855864 0.0936378 0.133855 0.439329
0 0.193922 0.970286 0.109257 0.059429 0.434657
0 0.584266 0.975148 0.136485 0.049703 0.412631
2 0.709625 0.12803 0.168379 0.122205 0.410251
0 0.857139 0.654729 0.123405 0.127433 0.331257
0 0.23007 0.861839 0.0817863 0.115137 0.291178
