0 0.727666 0.465507 0.176034 0.0940925 0.891882
0 0.29178 0.539304 0.167089 0.170847 0.857717
0 0.747646 0.345974 0.15306 0.11426 0.840516
0 0.0874996 0.71135 0.17358 0.189095 0.80891
0 0.783121 0.233041 0.11658 0.0878993 0.767971
0 0.891768 0.530168 0.155352 0.099185 0.759225
0 0.766678 0.751462 0.105369 0.0842947 0.695963
0 0.873114 0.308356 0.100566 0.0927998 0.680386
0 0.914643 0.425585 0.162012 0.0852369 0.588667
0 0.735311 0.63907 0.0884784 0.0700953 0.565135
2 0.397053 0.908076 0.0920558 0.0946041 0.51271
0 0.542419 0.195147 0.121024 0.091644 0.453719
2 0.677086 0.890277 0.107534 0.0689295 0.368112
0 0.591402 0.524867 0.122301 0.0959991 0.345648
0 0.899741 0.219206 0.110006 0.0794487 0.314059
