0 0.352137 0.716246 0.215542 0.226862 0.86075
0 0.504705 0.420656 0.913133 0.248082 0.841791
0 0.807444 0.55654 0.160223 0.16855 0.832412
0 0.116738 0.724201 0.233477 0.229771 0.822436
0 0.61414 0.727704 0.183122 0.192829 0.76031
0 0.51847 0.206677 0.2293 0.173156 0.753697
0 0.916476 0.66953 0.0896764 0.0883989 0.537301
0 0.457874 0.89713 0.106318 0.114473 0.533109
0 0.513861 0.610658 0.116493 0.0844214 0.498702
2 0.817235 0.97288 0.138046 0.0542407 0.428289
0 0.798276 0.69641 0.124887 0.122968 0.391764
0 0.273588 0.191699 0.22268 0.141989 0.383526
0 0.622905 0.900277 0.0888514 0.129462 0.357719
0 0.0666157 0.1845 0.13165 0.126412 0.317968
2 0.270689 0.202442 0.221804 0.11719 0.311293
0 0.280601 0.908052 0.109307 0.14834 0.305297
2 0.705985 0.177508 0.161339 0.123012 0.294861
0 0.958077 0.792631 0.0838462 0.11024 0.274384
0 0.915816 0.47662 0.0670779 0.0759276 0.270322
