0 0.683115 0.625863 0.28739 0.227079 0.797807
0 0.476417 0.602926 0.121085 0.121394 0.7452
0 0.333363 0.567519 0.0956201 0.0863129 0.727252
0 0.327253 0.684359 0.101107 0.0926975 0.574049
0 0.191256 0.705209 0.153098 0.0972807 0.57382
2 0.305124 0.270957 0.206203 0.158235 0.545467
2 0.289098 0.95885 0.180325 0.0822056 0.54515
0 0.534979 0.435318 0.200917 0.198627 0.537818
0 0.194823 0.60243 0.0825648 0.0808344 0.504901
0 0.445387 0.81502 0.0966173 0.0932295 0.452017
0 0.299526 0.780254 0.116014 0.0893639 0.376978
0 0.567126 0.911775 0.101249 0.11027 0.331358
0 0.119552 0.239585 0.111795 0.0791055 0.304908
0 0.239289 0.517489 0.0911457 0.0776051 0.259518
0 0.148493 0.37105 0.139856 0.1077 0.257365
