0 0.577654 0.405754 0.173906 0.0969413 0.875601
0 0.136511 0.483949 0.166774 0.173909 0.851672
0 0.766616 0.365279 0.145334 0.0872684 0.814993
2 0.815838 0.928062 0.124879 0.0946602 0.742894
0 0.598389 0.286165 0.156329 0.123289 0.734767
0 0.278457 0.715228 0.107754 0.110988 0.67333
0 0.637066 0.173738 0.112724 0.0954091 0.665176
2 0.394419 0.952142 0.368867 0.0957169 0.649425
0 0.727986 0.245421 0.103173 0.0960695 0.609427
2 0.887985 0.133032 0.15498 0.0960412 0.59628
0 0.110643 0.634509 0.122391 0.136556 0.577955
0 0.871159 0.275557 0.101907 0.160553 0.563893
2 0.945102 0.89559 0.10554 0.0837219 0.55904
2 0.233711 0.846937 0.0987211 0.0877564 0.549076
0 0.233325 0.594071 0.103002 0.0883747 0.539707
2 0.468216 0.205291 0.125903 0.0836493 0.535288
0 0.581235 0.579739 0.0948317 0.0718706 0.51997
0 0.738196 0.465562 0.147572 0.0962477 0.50892
2 0.644017 0.892112 0.139173 0.124913 0.503281
0 0.442605 0.46183 0.122523 0.092971 0.495341
0 0.609497 0.689457 0.104198 0.0846464 0.478435
2 0.460472 0.957146 0.234037 0.0849892 0.460024
2 0.401869 0.877567 0.0878126 0.0725254 0.458422
2 0.152707 0.762362 0.0566066 0.0788036 0.450624
0 0.395357 0.131191 0.122769 0.0933675 0.406451
2 0.754045 0.840162 0.122731 0.0833509 0.39664
2 0.758247 0.146971 0.112965 0.0935594 0.394192
2 0.0545009 0.803815 0.0727746 0.105681 0.388622
2 0.321324 0.465694 0.0890048 0.116704 0.370707
2 0.852718 0.545399 0.121209 0.100531 0.368404
2 0.120086 0.934628 0.180872 0.130743 0.36013
0 0.877828 0.310126 0.091058 0.0862953 0.350547
2 0.361585 0.7923 0.0927962 0.0946866 0.347516
2 0.210005 0.154598 0.164787 0.0960033 0.303269
2 0.839223 0.702456 0.0836728 0.0768046 0.301848
0 0.35558 0.56334 0.0932816 0.0761185 0.300864
2 0.0981301 0.934823 0.120727 0.130354 0.299851
0 0.580052 0.497106 0.0905823 0.0682978 0.290273
2 0.938517 0.979565 0.110643 0.0404964 0.283952
2 0.866614 0.609253 0.116489 0.0873287 0.269049
