0 0.696871 0.619512 0.277549 0.221206 0.861363
0 0.495447 0.590352 0.116111 0.11474 0.715997
0 0.350789 0.559091 0.0934545 0.0910309 0.70254
0 0.549762 0.424989 0.201151 0.19566 0.656403
0 0.339105 0.676178 0.105061 0.0875101 0.643926
2 0.31134 0.954236 0.192764 0.0915281 0.633957
0 0.461071 0.811233 0.0988829 0.0919567 0.576739
0 0.207473 0.695109 0.157607 0.0974527 0.554788
0 0.212582 0.594938 0.0788397 0.0744606 0.509487
0 0.111179 0.560637 0.0928612 0.068101 0.443645
0 0.066294 0.652391 0.11143 0.0755487 0.411239
0 0.319903 0.773431 0.11214 0.0863962 0.410359
0 0.131052 0.227932 0.10975 0.0778504 0.409372
0 0.473314 0.7173 0.0653846 0.0720449 0.339286
0 0.15638 0.364471 0.134223 0.106178 0.325655
0 0.762719 0.784033 0.0795736 0.0994829 0.269895
0 0.452949 0.907755 0.108929 0.0941301 0.268736
