0 0.57266 0.710073 0.17459 0.185423 0.879011
0 0.3263 0.699249 0.215028 0.219044 0.860391
0 0.497121 0.421811 0.932646 0.24621 0.838407
0 0.101177 0.708086 0.199651 0.213766 0.816022
0 0.762123 0.548702 0.156019 0.174186 0.784293
0 0.916206 0.773331 0.102481 0.107392 0.665145
0 0.862589 0.651946 0.0920724 0.0823462 0.653122
2 0.775218 0.959687 0.129033 0.0806253 0.610038
0 0.481021 0.207877 0.214951 0.161482 0.441577
0 0.425673 0.871048 0.106966 0.109703 0.426905
0 0.398655 0.55016 0.0901703 0.0723594 0.403308
0 0.885448 0.900703 0.0850483 0.0862774 0.392059
0 0.7519 0.687051 0.115051 0.127205 0.374619
0 0.0592472 0.977879 0.0995131 0.0433884 0.355597
2 0.259287 0.883161 0.100505 0.144602 0.323035
2 0.12006 0.880579 0.0715726 0.119427 0.267873
2 0.711324 0.854942 0.0720534 0.097533 0.261868
