0 0.789046 0.550886 0.161012 0.166395 0.875729
0 0.344549 0.71281 0.214448 0.22067 0.864069
0 0.594594 0.721246 0.171242 0.18736 0.848244
0 0.537967 0.417656 0.865214 0.236492 0.815166
0 0.112381 0.721079 0.221772 0.228904 0.802088
0 0.948214 0.787559 0.103573 0.110418 0.675293
0 0.778884 0.707298 0.122396 0.148158 0.658444
0 0.504493 0.207354 0.221854 0.167166 0.614845
0 0.443738 0.887675 0.0971098 0.110034 0.601354
0 0.805911 0.970252 0.130929 0.0594965 0.516402
2 0.264872 0.195405 0.225567 0.131049 0.493787
0 0.501247 0.606754 0.110045 0.0777422 0.48993
0 0.895679 0.664623 0.097641 0.0878209 0.467932
0 0.271667 0.903613 0.0980636 0.149271 0.465643
0 0.609926 0.893302 0.0900382 0.126494 0.461512
0 0.28832 0.530084 0.0631012 0.0546417 0.432701
0 0.689301 0.179076 0.161681 0.122298 0.324412
0 0.265998 0.193983 0.219511 0.136927 0.30408
