0 0.839972 0.329143 0.150509 0.0840935 0.852311
0 0.65416 0.369484 0.177826 0.0980272 0.847938
0 0.214586 0.446212 0.17371 0.173627 0.831342
0 0.673422 0.248378 0.152751 0.11886 0.816736
0 0.687504 0.656182 0.105924 0.0844423 0.696036
0 0.817172 0.431612 0.149607 0.0968187 0.6672
0 0.804096 0.209341 0.100175 0.0955461 0.637378
0 0.716214 0.134618 0.108177 0.0973036 0.555204
2 0.543736 0.939453 0.207526 0.121095 0.538857
2 0.135913 0.0646901 0.165303 0.128125 0.51466
2 0.89935 0.893649 0.11538 0.0967381 0.4809
0 0.65911 0.544795 0.0951803 0.0716114 0.46712
0 0.467815 0.095067 0.12952 0.092433 0.433092
2 0.786013 0.975293 0.128964 0.0494132 0.415321
2 0.589212 0.810938 0.106829 0.0996447 0.402116
2 0.314145 0.811739 0.0939484 0.0938141 0.373873
0 0.43235 0.527476 0.0906096 0.0771368 0.350303
0 0.66044 0.464491 0.0937496 0.074275 0.341395
2 0.138481 0.772408 0.0722006 0.0966132 0.339476
0 0.515377 0.429513 0.12371 0.0950757 0.33325
0 0.193405 0.602308 0.127325 0.145015 0.324407
0 0.359587 0.681044 0.110562 0.105936 0.321444
2 0.356075 0.901744 0.0993169 0.0851406 0.302982
0 0.470123 0.637797 0.0778636 0.0731039 0.299205
2 0.480147 0.844312 0.0872391 0.069455 0.298985
2 0.283174 0.117774 0.15929 0.0942675 0.298974
2 0.826303 0.807463 0.124536 0.0855608 0.297166
2 0.908783 0.986907 0.109239 0.0247753 0.274919
0 0.942901 0.240851 0.108507 0.161786 0.272191
