0 0.695129 0.619091 0.280951 0.227562 0.876055
0 0.491171 0.588432 0.1152 0.111788 0.799163
0 0.19876 0.693189 0.149907 0.0978498 0.743503
0 0.345011 0.556041 0.0936143 0.0869139 0.719772
0 0.333799 0.67372 0.103699 0.0874609 0.711133
0 0.45851 0.805853 0.101945 0.0919434 0.686988
0 0.205036 0.589747 0.0824391 0.0735405 0.629731
0 0.315727 0.77103 0.106296 0.0874633 0.592301
0 0.450571 0.90474 0.109106 0.0935524 0.576578
0 0.92462 0.614944 0.149057 0.231827 0.545909
0 0.150045 0.891945 0.0960635 0.145817 0.526021
0 0.108697 0.551917 0.0922909 0.0681763 0.516222
0 0.153894 0.362351 0.1332 0.106936 0.5118
0 0.0624346 0.649887 0.109112 0.0767595 0.509493
2 0.305173 0.952781 0.18975 0.0944389 0.502612
0 0.540883 0.4229 0.207811 0.197424 0.499901
0 0.123306 0.227108 0.109187 0.0776141 0.440001
0 0.469534 0.714534 0.0692418 0.0741014 0.431696
0 0.301925 0.862246 0.0896098 0.0797447 0.37636
0 0.303418 0.953879 0.182394 0.0922428 0.305866
0 0.896025 0.267673 0.192558 0.153151 0.268292
0 0.589142 0.0652062 0.155671 0.122498 0.257339
