0 0.618151 0.379055 0.174506 0.0942589 0.854285
0 0.173125 0.45282 0.181985 0.176129 0.836027
0 0.636901 0.257544 0.150531 0.119917 0.807934
0 0.804984 0.337313 0.15172 0.0862697 0.798547
2 0.505021 0.942289 0.215591 0.114496 0.656814
0 0.769421 0.218802 0.1011 0.0964881 0.624921
0 0.782158 0.439433 0.151371 0.0966761 0.586473
0 0.153476 0.597839 0.120581 0.119869 0.580417
0 0.62153 0.556044 0.0890874 0.0784945 0.570455
0 0.905769 0.249242 0.108848 0.159026 0.531626
0 0.648959 0.662856 0.108365 0.0836866 0.517203
2 0.27464 0.819139 0.100031 0.0899733 0.478797
2 0.869477 0.109728 0.255678 0.108927 0.457109
2 0.71592 0.856091 0.199565 0.152852 0.447972
0 0.677241 0.14351 0.113095 0.0938072 0.425255
2 0.31779 0.916223 0.0926918 0.0925308 0.416004
0 0.480108 0.439242 0.118282 0.105401 0.413236
0 0.393395 0.538177 0.0952415 0.0816498 0.407548
0 0.620857 0.471111 0.0915973 0.0691414 0.404711
2 0.88823 0.502414 0.127613 0.071077 0.382203
0 0.320951 0.687757 0.106935 0.107176 0.375764
2 0.859819 0.902319 0.118648 0.09454 0.334489
0 0.907226 0.586243 0.116465 0.0825245 0.327872
2 0.19519 0.73604 0.0584147 0.0800203 0.313933
2 0.731136 0.979467 0.17032 0.0410656 0.310807
2 0.443641 0.850106 0.0912223 0.0718374 0.293864
2 0.509157 0.178134 0.125253 0.0780902 0.27028
2 0.907969 0.111422 0.176012 0.109339 0.268787
0 0.275038 0.566768 0.0989349 0.0869922 0.251212
