0 0.320982 0.697144 0.202066 0.210617 0.887514
0 0.754453 0.541808 0.160472 0.158497 0.874109
0 0.0987797 0.705269 0.197559 0.216995 0.832468
0 0.569507 0.705556 0.171126 0.184315 0.817524
0 0.909754 0.767517 0.111004 0.104085 0.76998
0 0.420083 0.863764 0.104376 0.106293 0.655503
0 0.511694 0.412978 0.969853 0.237096 0.649346
0 0.856998 0.647899 0.0979813 0.0838203 0.613241
0 0.0592033 0.975455 0.0995027 0.0482031 0.554074
0 0.579699 0.869204 0.0906208 0.120112 0.532183
0 0.767129 0.957517 0.124975 0.0849664 0.429168
0 0.251888 0.87854 0.0964026 0.142263 0.42058
0 0.74179 0.679059 0.122491 0.11962 0.400275
2 0.813092 0.314757 0.0803903 0.0527848 0.367372
0 0.47795 0.209772 0.219165 0.164985 0.311371
0 0.473633 0.597275 0.10853 0.0772036 0.306771
0 0.925079 0.971333 0.0992974 0.0559776 0.257584
