0 0.677386 0.336095 0.151622 0.113643 0.864982
0 0.658241 0.45497 0.174605 0.0945839 0.858034
0 0.218812 0.529682 0.174778 0.169036 0.852671
0 0.840524 0.41553 0.146963 0.0854979 0.718953
0 0.688871 0.740149 0.116812 0.085574 0.621719
0 0.816977 0.515463 0.150059 0.0954876 0.599531
0 0.194778 0.685261 0.120684 0.146031 0.594035
0 0.716855 0.224643 0.110524 0.098465 0.48641
0 0.803984 0.296701 0.0923401 0.0928599 0.47185
0 0.363178 0.762708 0.107472 0.106602 0.442358
0 0.519831 0.511367 0.115323 0.0991293 0.396354
2 0.943855 0.664916 0.110514 0.0835546 0.38244
2 0.138831 0.85498 0.0719817 0.0963032 0.365408
0 0.6627 0.628538 0.0969365 0.0720493 0.325624
2 0.54047 0.983512 0.1419 0.0329765 0.295305
2 0.134402 0.148211 0.164396 0.120564 0.27186
2 0.316356 0.893947 0.0976692 0.0825626 0.267264
2 0.773692 0.925985 0.230742 0.145481 0.253751
