0 0.520774 0.358825 0.958452 0.301718 0.839252
0 0.657484 0.726924 0.216315 0.231266 0.822697
0 0.404931 0.53186 0.107805 0.0916502 0.782763
0 0.8709 0.512635 0.201793 0.202854 0.774231
0 0.515034 0.590521 0.13405 0.0992153 0.721805
0 0.867883 0.689145 0.143481 0.144116 0.704161
0 0.346775 0.731871 0.281072 0.285552 0.691283
0 0.0974027 0.744519 0.187601 0.280448 0.630407
0 0.10159 0.580968 0.110003 0.0915813 0.586381
0 0.499649 0.935368 0.131156 0.127979 0.58307
0 0.242219 0.502399 0.0723815 0.0652681 0.551254
0 0.707523 0.570337 0.121794 0.0912739 0.535718
2 0.84831 0.907291 0.0758803 0.119238 0.514326
2 0.681958 0.0667223 0.188301 0.133148 0.495264
0 0.876295 0.117115 0.202301 0.114168 0.477515
0 0.446338 0.0972397 0.296733 0.193203 0.47214
0 0.146819 0.0794949 0.272602 0.156801 0.352776
0 0.679449 0.0663431 0.185122 0.132686 0.323684
2 0.696583 0.930004 0.121772 0.139991 0.301065
