0 0.690153 0.736003 0.231452 0.237755 0.872407
0 0.513875 0.363848 0.950309 0.304864 0.847526
0 0.896626 0.519287 0.194173 0.211269 0.802361
0 0.122376 0.747023 0.235555 0.282156 0.782451
0 0.548612 0.59276 0.139772 0.092337 0.731376
0 0.381901 0.737027 0.271303 0.274796 0.72032
0 0.178191 0.0825179 0.272 0.163154 0.693414
0 0.481288 0.0999639 0.277385 0.199024 0.64768
0 0.131603 0.583673 0.0933452 0.0924065 0.603039
0 0.904023 0.698948 0.154029 0.146462 0.59752
0 0.740021 0.575926 0.128774 0.0930842 0.587322
0 0.435737 0.536771 0.112015 0.0900512 0.556905
0 0.52404 0.937482 0.126405 0.117547 0.538517
2 0.713193 0.0655593 0.188405 0.131119 0.480421
2 0.892085 0.0303372 0.147639 0.0588074 0.311866
0 0.272064 0.510195 0.0756893 0.0768306 0.308902
0 0.726608 0.934351 0.111444 0.131299 0.304927
2 0.905689 0.123481 0.187481 0.115002 0.274153
0 0.0439263 0.473091 0.0837364 0.0792112 0.251512
