0 0.180702 0.711914 0.214747 0.224881 0.855287
0 0.440533 0.713514 0.182955 0.188405 0.82299
0 0.632451 0.542779 0.166796 0.168671 0.757149
0 0.798154 0.778226 0.11409 0.106448 0.57536
2 0.645426 0.965698 0.130583 0.0686045 0.374151
0 0.41105 0.424121 0.776101 0.248168 0.358792
0 0.256581 0.555344 0.0896139 0.0782507 0.345635
0 0.341682 0.199952 0.225147 0.170528 0.338154
0 0.106148 0.903692 0.116714 0.146925 0.313215
0 0.499108 0.413894 0.955711 0.325017 0.301722
0 0.284457 0.890115 0.109812 0.116482 0.279149
