0 0.696913 0.619527 0.277846 0.22122 0.862999
0 0.495469 0.590343 0.115965 0.114914 0.720252
0 0.350763 0.559071 0.0934286 0.0910421 0.705198
0 0.549815 0.424958 0.201344 0.19571 0.655632
0 0.339212 0.676127 0.105352 0.0874527 0.644655
2 0.308693 0.954259 0.187161 0.0911591 0.634846
0 0.461078 0.811197 0.0986868 0.0919327 0.576567
0 0.207489 0.695108 0.157634 0.0974566 0.554441
0 0.212601 0.59499 0.0789577 0.0746218 0.506029
0 0.111165 0.560649 0.0928285 0.068125 0.448814
0 0.0663013 0.652395 0.111427 0.0755479 0.410754
0 0.131025 0.227927 0.109625 0.0778384 0.405252
0 0.319942 0.773385 0.112211 0.0863529 0.39907
0 0.473274 0.717262 0.0652178 0.0719618 0.333728
0 0.156443 0.364516 0.134288 0.106121 0.319245
0 0.762699 0.784057 0.0797289 0.099571 0.270745
0 0.45297 0.907757 0.108693 0.0941137 0.270578
