0 0.691569 0.622851 0.280549 0.227245 0.845013
0 0.489009 0.594825 0.117472 0.118092 0.611816
0 0.333887 0.679667 0.100146 0.0891186 0.528872
0 0.346841 0.563454 0.0959743 0.0909057 0.526306
2 0.30066 0.957363 0.189077 0.085231 0.50973
0 0.544347 0.429902 0.195523 0.196982 0.486543
0 0.454479 0.812627 0.0992516 0.0914944 0.416398
0 0.310799 0.775273 0.0978118 0.0858404 0.398781
2 0.308986 0.263187 0.195377 0.155316 0.386913
0 0.20373 0.700226 0.16082 0.0964471 0.38181
0 0.204614 0.598455 0.0792096 0.0804607 0.362109
0 0.12555 0.231899 0.104363 0.0768513 0.307566
0 0.923873 0.619001 0.149446 0.229303 0.299901
0 0.0626686 0.656127 0.107083 0.0785082 0.267062
2 0.575926 0.904646 0.0954939 0.103399 0.265059
