0 0.79359 0.526184 0.19814 0.202294 0.848786
2 0.601849 0.0703036 0.192889 0.138188 0.742033
0 0.462935 0.362971 0.857527 0.273721 0.694908
0 0.797944 0.13356 0.196121 0.115781 0.62982
2 0.585043 0.741365 0.228639 0.233195 0.59122
0 0.288028 0.742314 0.265046 0.26627 0.575395
2 0.773866 0.919812 0.0810069 0.126627 0.540353
0 0.44603 0.604175 0.13696 0.0950333 0.528176
0 0.905053 0.421903 0.0761807 0.0759172 0.512592
0 0.632686 0.581689 0.114541 0.0934973 0.502415
0 0.332318 0.547193 0.111011 0.0948187 0.470205
0 0.771822 0.0331594 0.145533 0.0661297 0.426576
2 0.425173 0.940851 0.127944 0.116012 0.398912
2 0.632257 0.936706 0.124468 0.126588 0.385052
0 0.582268 0.74009 0.221156 0.231854 0.365881
0 0.383938 0.104091 0.286874 0.206592 0.315838
2 0.376417 0.101197 0.269904 0.20169 0.311962
