0 0.764106 0.551377 0.162965 0.167677 0.877946
0 0.51164 0.424267 0.951655 0.249518 0.854379
0 0.311608 0.712463 0.210588 0.24255 0.837065
0 0.57541 0.722782 0.176775 0.184805 0.835098
0 0.0936539 0.72748 0.174709 0.226244 0.731711
0 0.469804 0.206483 0.22652 0.1714 0.599806
2 0.784449 0.971537 0.134678 0.0569253 0.521544
0 0.935719 0.788759 0.113978 0.109263 0.516491
0 0.473648 0.608907 0.114733 0.0818769 0.51646
0 0.87744 0.663732 0.0990495 0.0903482 0.42506
0 0.757326 0.693222 0.117533 0.121094 0.411844
2 0.221327 0.195154 0.22006 0.131115 0.40675
0 0.222608 0.191564 0.217734 0.141561 0.370016
0 0.420386 0.891039 0.105036 0.105378 0.341078
0 0.254053 0.534805 0.05998 0.0601078 0.320556
0 0.247005 0.911076 0.105559 0.153308 0.320306
2 0.101507 0.908122 0.0762789 0.128661 0.277022
