0 0.757986 0.54476 0.157061 0.16994 0.8652
0 0.324453 0.698371 0.205239 0.212923 0.864003
0 0.100443 0.707658 0.200886 0.219765 0.846877
0 0.571827 0.70685 0.171242 0.184295 0.842379
0 0.503868 0.419137 0.956048 0.244617 0.749091
0 0.914575 0.770473 0.111108 0.106609 0.745581
0 0.42128 0.867838 0.105487 0.107921 0.630698
0 0.858072 0.649926 0.0949834 0.0854048 0.585762
0 0.745496 0.678342 0.113753 0.110395 0.443955
2 0.816163 0.316359 0.0854304 0.0538533 0.427627
0 0.581469 0.870087 0.0878854 0.120527 0.427184
0 0.769838 0.958942 0.122177 0.0821156 0.426897
0 0.0590042 0.976722 0.0987583 0.0452557 0.413561
0 0.474299 0.598849 0.1106 0.0791491 0.406868
0 0.25385 0.881317 0.0997619 0.143953 0.351454
0 0.883677 0.89867 0.0836422 0.0844601 0.350647
2 0.664363 0.179452 0.166463 0.117377 0.339539
