0 0.314502 0.666766 0.195512 0.218495 0.867359
0 0.547782 0.682529 0.163687 0.175477 0.842589
0 0.103609 0.684014 0.207218 0.209746 0.816248
0 0.868 0.740428 0.098131 0.101415 0.749831
0 0.72432 0.533257 0.149777 0.163782 0.744752
2 0.881492 0.94395 0.082901 0.075576 0.482343
0 0.922439 0.603419 0.0867889 0.0742327 0.478202
0 0.0698069 0.95495 0.104993 0.0888962 0.391071
0 0.490201 0.409196 0.917188 0.233628 0.38897
2 0.237562 0.96398 0.149026 0.072039 0.348462
0 0.736895 0.92682 0.119153 0.0994389 0.343261
2 0.736218 0.930139 0.117629 0.106288 0.317149
0 0.408895 0.834699 0.0913505 0.10708 0.316022
0 0.562346 0.838032 0.0792522 0.116038 0.304014
0 0.8221 0.626976 0.0840437 0.0769423 0.275965
0 0.459893 0.576496 0.104134 0.0734519 0.251268
