0 0.582357 0.41502 0.17067 0.0952159 0.841
0 0.136114 0.490336 0.168063 0.170255 0.83434
0 0.76884 0.372568 0.144715 0.0833255 0.810737
0 0.725591 0.25539 0.10602 0.0941535 0.773265
0 0.281699 0.722957 0.107045 0.106867 0.70165
0 0.603728 0.293079 0.156176 0.120723 0.694885
0 0.871914 0.285751 0.102122 0.165061 0.690765
2 0.466312 0.961565 0.245129 0.0757996 0.689076
0 0.641819 0.182761 0.115834 0.0984326 0.660402
0 0.612037 0.698525 0.102442 0.082159 0.656063
2 0.414104 0.961864 0.339102 0.0761728 0.637752
0 0.880126 0.319558 0.0924844 0.0838409 0.625704
0 0.235826 0.601847 0.100003 0.0867945 0.611523
0 0.742606 0.474443 0.149731 0.0920403 0.587318
2 0.819442 0.93584 0.12578 0.101278 0.585337
0 0.112763 0.641333 0.123448 0.13328 0.542583
0 0.585173 0.589542 0.100272 0.0667442 0.515622
2 0.94422 0.902181 0.10225 0.0823029 0.497505
2 0.842405 0.71076 0.082153 0.0778046 0.454026
2 0.833784 0.555265 0.169573 0.101215 0.451746
0 0.336797 0.229062 0.0881188 0.0664462 0.441945
0 0.44686 0.472088 0.120936 0.0989342 0.437361
0 0.493107 0.753112 0.0942375 0.0866163 0.42672
0 0.357464 0.570913 0.0927655 0.076717 0.421531
2 0.46986 0.216167 0.126437 0.079772 0.415569
2 0.857539 0.554321 0.115472 0.0969551 0.403572
0 0.584918 0.504661 0.0917428 0.0693616 0.388837
2 0.87969 0.809297 0.077151 0.103929 0.379637
2 0.367664 0.953422 0.286637 0.0915106 0.361946
2 0.776449 0.151456 0.141758 0.100348 0.345013
2 0.23669 0.856788 0.0987436 0.0933422 0.33779
2 0.758793 0.848191 0.111369 0.0829061 0.336803
2 0.278291 0.950892 0.0952455 0.0910536 0.335982
0 0.396036 0.679981 0.0787262 0.0675219 0.317874
0 0.647726 0.903547 0.147619 0.137432 0.31135
0 0.8618 0.435594 0.0941186 0.0612156 0.305049
2 0.820106 0.150825 0.235122 0.100481 0.293809
2 0.157293 0.772393 0.0421628 0.0835915 0.29026
2 0.252193 0.404987 0.0568053 0.0682411 0.288437
2 0.375034 0.284678 0.06346 0.0385477 0.287183
2 0.059276 0.814452 0.0706729 0.104119 0.284355
2 0.327706 0.474653 0.0909316 0.113827 0.282315
2 0.128281 0.939917 0.172265 0.120166 0.277303
2 0.740493 0.655157 0.101762 0.0753902 0.261214
2 0.402732 0.890611 0.0882412 0.070994 0.260647
2 0.305881 0.951525 0.152349 0.0925812 0.255883
