0 0.691355 0.618145 0.278754 0.222494 0.877098
0 0.490777 0.587246 0.115544 0.111389 0.791391
0 0.343174 0.557509 0.0945625 0.086228 0.7507
0 0.458309 0.805903 0.102375 0.0919258 0.716266
0 0.197758 0.693103 0.154259 0.0979008 0.712834
0 0.53861 0.424899 0.208577 0.195481 0.697839
0 0.333207 0.673697 0.102773 0.087166 0.675585
0 0.313507 0.77132 0.107984 0.0869007 0.622308
0 0.448051 0.904328 0.112088 0.093272 0.619167
0 0.301908 0.953097 0.185246 0.0938051 0.585905
0 0.148359 0.891254 0.095693 0.144467 0.584449
0 0.205775 0.590674 0.0782339 0.0695537 0.554527
0 0.0605942 0.650498 0.106178 0.0778179 0.543682
0 0.151974 0.364537 0.134723 0.109662 0.50345
0 0.106321 0.555346 0.0914177 0.0736919 0.47979
0 0.466773 0.714734 0.0693769 0.0739844 0.455969
0 0.923108 0.616639 0.152128 0.237606 0.428314
0 0.120685 0.226145 0.111118 0.076365 0.389283
0 0.298982 0.862633 0.0878699 0.0809071 0.371236
0 0.4745 0.978043 0.129867 0.0439135 0.279544
2 0.302794 0.952402 0.188922 0.0951967 0.269095
