0 0.675824 0.630832 0.279395 0.225964 0.793041
0 0.323525 0.570971 0.0989805 0.0895544 0.712743
0 0.313056 0.685403 0.0965964 0.0875409 0.610017
2 0.277898 0.960893 0.189339 0.0779968 0.599866
0 0.136794 0.373582 0.130917 0.106301 0.57067
0 0.186365 0.606109 0.0806025 0.0723442 0.568213
0 0.467065 0.603594 0.118391 0.116828 0.564676
0 0.10806 0.241398 0.109771 0.0789002 0.555502
0 0.911352 0.622383 0.172173 0.213051 0.514593
0 0.517553 0.435723 0.220504 0.194533 0.50367
0 0.175786 0.709803 0.154353 0.0970689 0.432665
2 0.421509 0.91624 0.122798 0.0989702 0.432017
0 0.435575 0.822792 0.0963687 0.086293 0.404089
2 0.458151 0.986124 0.147149 0.0277519 0.399821
2 0.551804 0.912601 0.0987261 0.10676 0.322276
0 0.289354 0.783539 0.113342 0.0885324 0.314568
2 0.291184 0.272877 0.203325 0.156717 0.303737
2 0.421635 0.985442 0.216398 0.0288925 0.277359
