0 0.31747 0.555718 0.107848 0.0927316 0.71653
0 0.77683 0.53664 0.190957 0.202894 0.705139
0 0.507408 0.380688 0.985184 0.289716 0.675397
0 0.265407 0.749244 0.276338 0.284737 0.66437
0 0.570353 0.748673 0.216604 0.231732 0.65802
2 0.590407 0.0789576 0.180865 0.157805 0.604936
0 0.885032 0.432707 0.0773461 0.0790992 0.60429
2 0.362103 0.108838 0.266739 0.210551 0.56562
2 0.760667 0.929929 0.0777584 0.120882 0.565289
0 0.427709 0.614814 0.136486 0.100364 0.526574
0 0.619514 0.589588 0.11449 0.0933777 0.505104
0 0.913633 0.668673 0.122873 0.106902 0.435352
0 0.156097 0.535 0.0742444 0.0842678 0.434191
2 0.570164 0.749214 0.218913 0.233648 0.409755
0 0.778245 0.713995 0.142659 0.162732 0.252741
