0 0.143665 0.714509 0.278879 0.251776 0.864042
0 0.692315 0.704947 0.204655 0.206782 0.859802
0 0.59178 0.375627 0.786726 0.272698 0.856585
0 0.883853 0.516124 0.176315 0.175578 0.798117
0 0.420539 0.7034 0.245161 0.249566 0.774636
0 0.513881 0.134426 0.245269 0.183843 0.645182
0 0.546025 0.901557 0.117799 0.143692 0.641828
0 0.568401 0.58299 0.117852 0.0914883 0.62646
0 0.880066 0.67527 0.132932 0.136976 0.625367
0 0.468533 0.52837 0.100362 0.0801672 0.617808
0 0.72261 0.894377 0.10026 0.14553 0.612724
0 0.895021 0.166908 0.173446 0.102679 0.583658
0 0.940129 0.968089 0.119742 0.0638212 0.513896
0 0.198808 0.569211 0.102161 0.0768673 0.504176
0 0.360749 0.895489 0.108162 0.136871 0.388467
0 0.324873 0.508486 0.0829346 0.0805803 0.335678
0 0.733734 0.562629 0.108012 0.0801057 0.315536
0 0.721285 0.106075 0.166736 0.136046 0.261752
0 0.20567 0.902534 0.084523 0.132396 0.257674
