0 0.619571 0.725138 0.21298 0.226612 0.838908
0 0.504191 0.353851 0.931894 0.29018 0.787476
0 0.835764 0.515099 0.203573 0.209599 0.73014
0 0.368362 0.534007 0.112318 0.0940801 0.704166
0 0.32683 0.730399 0.277372 0.273581 0.675645
0 0.481604 0.590086 0.139849 0.100393 0.672989
2 0.644017 0.0641331 0.19305 0.128266 0.569922
2 0.416467 0.0983858 0.271429 0.194564 0.557869
0 0.675145 0.570381 0.116808 0.093513 0.540739
0 0.0649104 0.583605 0.11169 0.0922179 0.471115
2 0.817015 0.90561 0.0823242 0.119023 0.361873
0 0.950618 0.40607 0.0891455 0.0822073 0.33874
0 0.207951 0.501863 0.0724608 0.0682533 0.318969
0 0.81661 0.0270133 0.135142 0.0537405 0.285131
2 0.664983 0.930577 0.116724 0.138535 0.260669
