0 0.730002 0.365984 0.175519 0.0978126 0.887641
0 0.750183 0.243627 0.153079 0.119456 0.813489
0 0.293985 0.438851 0.16934 0.171155 0.805991
0 0.880801 0.204706 0.103577 0.0960144 0.800274
2 0.63049 0.935416 0.217898 0.129169 0.748202
0 0.899682 0.427344 0.156771 0.0945621 0.739565
0 0.0901521 0.61058 0.175798 0.188274 0.72028
0 0.923103 0.32501 0.150408 0.0859033 0.720241
0 0.767666 0.651156 0.107538 0.0839433 0.655628
0 0.791043 0.130168 0.115991 0.094718 0.631631
2 0.85343 0.971837 0.177342 0.056325 0.630596
0 0.739053 0.542293 0.0876789 0.0767015 0.60202
2 0.399052 0.805671 0.096613 0.0923226 0.592325
2 0.676516 0.788052 0.105828 0.0678495 0.57352
2 0.809667 0.850275 0.151285 0.135103 0.449132
2 0.564324 0.839013 0.0929642 0.0662157 0.38312
2 0.452969 0.970805 0.123514 0.0583817 0.362944
2 0.673978 0.801593 0.103646 0.090258 0.331982
2 0.550702 0.631205 0.0852386 0.0752235 0.302943
2 0.209744 0.936195 0.231961 0.122927 0.260187
2 0.0932982 0.61152 0.177874 0.1906 0.258191
