0 0.782006 0.385733 0.148768 0.0852951 0.886034
0 0.597218 0.427848 0.170503 0.0939018 0.872456
0 0.61284 0.306524 0.151847 0.123123 0.86486
0 0.150519 0.500308 0.170247 0.174992 0.864429
0 0.651138 0.19558 0.118152 0.0928733 0.783626
0 0.75346 0.48806 0.148859 0.0943699 0.767467
0 0.882227 0.633217 0.113043 0.0860416 0.739437
0 0.885109 0.297246 0.100368 0.16355 0.709669
2 0.489318 0.968971 0.203178 0.06201 0.703176
0 0.295599 0.736424 0.109354 0.109308 0.694787
0 0.745466 0.268052 0.0982335 0.0963355 0.693242
0 0.12733 0.656222 0.120127 0.142483 0.67933
0 0.456149 0.484678 0.116935 0.0986431 0.666272
0 0.597991 0.599017 0.0931485 0.0665806 0.619586
0 0.626823 0.71176 0.108271 0.0869195 0.602532
0 0.253663 0.614794 0.101969 0.092617 0.582568
2 0.869084 0.550166 0.121292 0.0697721 0.572962
0 0.370918 0.583866 0.100974 0.0793666 0.54747
2 0.830976 0.951353 0.119984 0.0935772 0.508944
0 0.763537 0.578588 0.0788067 0.0828802 0.458216
2 0.663296 0.914841 0.140419 0.136918 0.442668
2 0.169168 0.786276 0.0478064 0.0840393 0.399464
0 0.509321 0.654706 0.0800208 0.0689892 0.376466
0 0.869782 0.451563 0.0919939 0.0603335 0.360441
2 0.22616 0.177157 0.164393 0.0941125 0.342155
2 0.890697 0.156366 0.147321 0.0906929 0.334484
2 0.894199 0.821384 0.0781969 0.101991 0.330262
2 0.853152 0.723554 0.0822347 0.0772375 0.329193
2 0.289633 0.959276 0.106551 0.0804867 0.326994
2 0.767156 0.86279 0.121465 0.0872156 0.324271
2 0.416115 0.900521 0.0946128 0.0700676 0.320415
0 0.407866 0.155334 0.121268 0.0944174 0.310896
2 0.529245 0.851739 0.0968871 0.0709524 0.310027
0 0.593164 0.518992 0.0958333 0.0708861 0.309975
2 0.95532 0.915291 0.0893603 0.0769493 0.306066
0 0.487588 0.227793 0.126467 0.0821396 0.298422
0 0.50622 0.765109 0.0968853 0.0884567 0.296379
2 0.0864706 0.120747 0.165653 0.123903 0.295612
2 0.248342 0.868681 0.0985624 0.0920759 0.292301
0 0.41041 0.693266 0.0770274 0.0687651 0.28816
2 0.0725239 0.827732 0.0665408 0.0998539 0.268819
0 0.457876 0.377684 0.0949537 0.0945104 0.259561
2 0.753969 0.665203 0.0960434 0.0681976 0.259005
0 0.336846 0.486451 0.0852254 0.111474 0.258369
2 0.376925 0.814284 0.0917944 0.0968758 0.251324
