0 0.599022 0.429801 0.171709 0.0944308 0.887871
0 0.616034 0.310742 0.153673 0.120648 0.88429
0 0.154322 0.503915 0.171144 0.172575 0.859187
0 0.784207 0.389566 0.153811 0.0869007 0.855411
0 0.654237 0.199038 0.118488 0.0963791 0.782862
0 0.886506 0.635262 0.113632 0.0853117 0.733794
0 0.755445 0.489682 0.146502 0.0944961 0.708435
0 0.600904 0.600596 0.0948896 0.0666393 0.705735
0 0.888857 0.298439 0.103369 0.160434 0.695751
0 0.748162 0.270889 0.0953393 0.0949814 0.687785
0 0.412427 0.157782 0.119557 0.0959856 0.672139
0 0.628849 0.714462 0.10956 0.0873606 0.645898
2 0.829696 0.951639 0.131545 0.0937826 0.59534
0 0.298757 0.737582 0.105661 0.106714 0.581448
0 0.131179 0.657378 0.120087 0.136751 0.577625
0 0.457935 0.488084 0.118025 0.100229 0.564508
2 0.494525 0.969845 0.191408 0.0591854 0.545916
0 0.373426 0.587003 0.105652 0.0784128 0.466929
0 0.87606 0.452489 0.0981815 0.0638881 0.456839
0 0.254011 0.617108 0.098029 0.0891605 0.435727
2 0.667394 0.919223 0.143121 0.129779 0.43208
0 0.414451 0.695251 0.0809521 0.0748905 0.428372
2 0.868361 0.553372 0.12336 0.0701834 0.391091
0 0.766299 0.581845 0.0804443 0.0791043 0.376015
0 0.353018 0.243356 0.0994822 0.0683452 0.333557
2 0.0834624 0.123446 0.15891 0.123917 0.300547
2 0.0746627 0.829956 0.0697007 0.0965332 0.297768
2 0.170674 0.788189 0.0469874 0.0821039 0.292948
2 0.957182 0.917742 0.0856361 0.0747478 0.28728
0 0.513517 0.658467 0.0773797 0.0636013 0.28707
2 0.896211 0.823149 0.0804725 0.10271 0.280563
0 0.227656 0.179688 0.168867 0.0931961 0.279636
2 0.254863 0.873779 0.100336 0.0927614 0.265501
2 0.296163 0.960629 0.100783 0.0777084 0.265238
