0 0.571948 0.709853 0.173283 0.185211 0.88203
0 0.32749 0.700133 0.206139 0.213562 0.867087
0 0.761012 0.54566 0.155943 0.169358 0.858836
0 0.507223 0.419661 0.958634 0.248144 0.834167
0 0.102636 0.7109 0.202895 0.221217 0.828892
0 0.916071 0.772696 0.104607 0.108638 0.732268
0 0.861249 0.65099 0.0950962 0.0829813 0.667204
0 0.423691 0.869573 0.105399 0.107508 0.603223
0 0.748588 0.680201 0.112766 0.110895 0.594365
0 0.481439 0.208811 0.218438 0.167105 0.590168
0 0.885193 0.899777 0.0849665 0.0855118 0.529899
0 0.582586 0.870899 0.0848409 0.117653 0.46071
0 0.0587556 0.977748 0.0984039 0.0433857 0.428832
0 0.774053 0.959956 0.127423 0.0800365 0.407788
2 0.771036 0.959884 0.125504 0.080232 0.336991
0 0.256049 0.882068 0.103014 0.143504 0.282884
2 0.818591 0.317485 0.0834958 0.0542411 0.280334
