0 0.348066 0.64019 0.171437 0.176581 0.851687
0 0.138438 0.647994 0.219313 0.177053 0.82704
0 0.544867 0.649714 0.144391 0.145432 0.801314
0 0.693679 0.51669 0.130239 0.1281 0.484226
2 0.900445 0.978655 0.0582436 0.0409922 0.437513
0 0.815654 0.699333 0.0881673 0.0866688 0.396093
0 0.0729699 0.964452 0.123292 0.0710962 0.376671
0 0.136673 0.883911 0.0760265 0.0890568 0.370652
0 0.701841 0.858153 0.100263 0.0846428 0.367985
0 0.427882 0.779089 0.0858622 0.0912115 0.314312
0 0.530305 0.418236 0.767397 0.186782 0.311452
0 0.627913 0.973534 0.13246 0.0529282 0.309017
2 0.922466 0.828674 0.0712667 0.0530388 0.279153
2 0.862479 0.97917 0.144395 0.0400753 0.254078
