0 0.0996674 0.686819 0.194972 0.206308 0.823062
0 0.313068 0.672441 0.192521 0.216763 0.820301
0 0.548859 0.688351 0.16585 0.177918 0.717469
0 0.728826 0.53118 0.151129 0.159447 0.699168
0 0.880803 0.744732 0.101372 0.101494 0.694484
0 0.0649585 0.960303 0.107338 0.0790642 0.518649
2 0.237452 0.19769 0.210862 0.120469 0.477482
0 0.826605 0.633479 0.0879879 0.0817723 0.472445
2 0.902814 0.51805 0.0883189 0.105628 0.46197
0 0.510762 0.407596 0.978476 0.226137 0.424837
2 0.684235 0.822629 0.0635275 0.0932165 0.39728
0 0.741425 0.938984 0.114626 0.108693 0.362015
2 0.633504 0.185126 0.148008 0.111606 0.352485
2 0.235742 0.968384 0.150429 0.063233 0.344594
2 0.550742 0.68891 0.168564 0.179646 0.283498
2 0.828695 0.458801 0.0492327 0.0483267 0.278119
0 0.892333 0.954278 0.0909766 0.0820415 0.265404
2 0.888519 0.290539 0.083805 0.0545055 0.26459
0 0.461259 0.212581 0.21421 0.158614 0.254813
