0 0.432687 0.671421 0.216881 0.221863 0.877071
0 0.17436 0.679698 0.269646 0.224952 0.864715
0 0.677571 0.672082 0.17918 0.18308 0.857785
0 0.853283 0.505931 0.159897 0.163286 0.814612
0 0.749844 0.964565 0.109504 0.0708707 0.753649
0 0.590216 0.969616 0.15389 0.0607681 0.715404
0 0.909298 0.937561 0.124399 0.109683 0.710526
0 0.70916 0.844632 0.0926987 0.127645 0.631922
0 0.549689 0.838218 0.110981 0.107028 0.540506
0 0.614126 0.373273 0.729583 0.247095 0.539409
0 0.379237 0.843276 0.105169 0.11921 0.516874
0 0.197896 0.96594 0.110255 0.0681196 0.489112
0 0.0592408 0.956237 0.107199 0.0875259 0.395159
2 0.711424 0.128629 0.165212 0.120653 0.358705
0 0.0836756 0.845851 0.0952326 0.113652 0.288141
0 0.854483 0.641701 0.117957 0.124817 0.286848
2 0.528059 0.160359 0.221954 0.166547 0.282669
