0 0.352021 0.716465 0.215028 0.226744 0.868144
0 0.806396 0.557629 0.160919 0.168655 0.841779
0 0.115838 0.724057 0.231675 0.230042 0.819118
0 0.50922 0.420734 0.916211 0.243298 0.818788
0 0.613407 0.728008 0.183334 0.1929 0.774423
0 0.5179 0.20745 0.228638 0.173732 0.734176
0 0.456908 0.895073 0.105647 0.112798 0.668616
0 0.914908 0.66816 0.0920233 0.0873034 0.556856
0 0.513965 0.610652 0.116571 0.0855125 0.491123
0 0.273674 0.192629 0.220963 0.141081 0.417733
0 0.622156 0.899623 0.090653 0.128333 0.394062
0 0.796882 0.69612 0.124916 0.123496 0.393008
0 0.280149 0.907996 0.110016 0.148986 0.391474
2 0.817697 0.972752 0.140766 0.0544958 0.389849
2 0.271193 0.199552 0.221228 0.123674 0.386308
0 0.0663585 0.184835 0.131063 0.127406 0.353963
0 0.95674 0.791956 0.0865205 0.11105 0.346321
0 0.703009 0.176201 0.160532 0.120372 0.311187
0 0.932921 0.926931 0.099559 0.0915756 0.299708
