0 0.350384 0.639918 0.170626 0.172659 0.843201
0 0.142473 0.646896 0.225664 0.172051 0.83384
0 0.544278 0.648339 0.143834 0.144374 0.808213
0 0.692147 0.515976 0.128073 0.123462 0.48961
0 0.814006 0.696443 0.0895565 0.0851721 0.44857
2 0.896871 0.976958 0.0594116 0.0435093 0.445525
0 0.140294 0.882042 0.0763339 0.0894762 0.417054
0 0.0757496 0.963536 0.127237 0.0729288 0.361951
0 0.701061 0.855895 0.100336 0.0847153 0.348881
2 0.848653 0.931432 0.069725 0.0550598 0.337403
2 0.866447 0.977443 0.130076 0.0432682 0.30609
2 0.918817 0.825244 0.0708592 0.0547146 0.300046
2 0.812592 0.980914 0.0578596 0.0364618 0.295859
2 0.827937 0.978844 0.0882616 0.0400124 0.279918
