0 0.698143 0.722466 0.208405 0.219959 0.865806
0 0.135 0.7372 0.260305 0.265292 0.82162
0 0.553068 0.37419 0.842523 0.281895 0.789011
0 0.408991 0.722322 0.255051 0.273088 0.784393
0 0.897274 0.524624 0.182084 0.195824 0.749337
0 0.562052 0.592409 0.126684 0.0974728 0.715967
0 0.899729 0.688495 0.14249 0.134986 0.686422
0 0.509105 0.119524 0.260293 0.195745 0.665352
0 0.460526 0.536349 0.101875 0.0871265 0.663128
0 0.729212 0.922716 0.106775 0.146646 0.61162
2 0.724038 0.0899641 0.180948 0.146092 0.58297
0 0.176385 0.578303 0.0890136 0.0831686 0.571684
0 0.542484 0.912435 0.12076 0.111801 0.570776
0 0.226152 0.10866 0.23918 0.163818 0.398429
0 0.741769 0.575937 0.120986 0.0849798 0.397265
0 0.0835169 0.475413 0.10155 0.0772802 0.377329
0 0.306336 0.512578 0.0811379 0.0707674 0.34302
0 0.90562 0.148581 0.184993 0.103991 0.293368
0 0.345032 0.92158 0.111085 0.130998 0.275844
