0 0.687994 0.624404 0.281048 0.22853 0.87213
0 0.48558 0.600411 0.119339 0.121036 0.728191
0 0.341732 0.565329 0.100212 0.0904373 0.68839
0 0.542264 0.432271 0.196824 0.198266 0.68486
0 0.328615 0.678857 0.10066 0.0856031 0.669599
2 0.297228 0.957893 0.18553 0.0839657 0.582663
0 0.920335 0.620274 0.155876 0.226935 0.537193
0 0.450237 0.814534 0.0994405 0.0925795 0.520795
0 0.201127 0.600221 0.0789007 0.0812323 0.491577
0 0.19827 0.702252 0.160101 0.0960621 0.45797
0 0.30493 0.777548 0.112682 0.0844615 0.425711
0 0.149296 0.794982 0.0842315 0.071584 0.284216
0 0.121159 0.237644 0.112134 0.0776648 0.267806
