0 0.558833 0.376674 0.841968 0.280711 0.830594
0 0.697287 0.719999 0.212696 0.219702 0.825148
0 0.137292 0.732539 0.264053 0.262749 0.803044
0 0.413016 0.715165 0.253946 0.262422 0.795166
0 0.564617 0.590548 0.127978 0.0948887 0.724452
0 0.893511 0.525207 0.18221 0.19224 0.700912
0 0.462567 0.534041 0.101875 0.0842041 0.681167
2 0.722773 0.0949371 0.179969 0.151165 0.627709
0 0.180182 0.575821 0.0946666 0.0824238 0.599593
0 0.725382 0.91612 0.103917 0.146996 0.535875
0 0.231966 0.114091 0.242967 0.162921 0.486043
0 0.510695 0.123416 0.25338 0.188299 0.461887
0 0.740318 0.573428 0.116309 0.0825056 0.451545
0 0.897735 0.684118 0.142735 0.136363 0.450997
0 0.908805 0.59755 0.182389 0.330424 0.4326
0 0.0922546 0.475649 0.100304 0.0752831 0.401878
2 0.515097 0.1226 0.245612 0.190379 0.38122
0 0.416137 0.748323 0.257682 0.185224 0.338247
0 0.311176 0.515287 0.0807698 0.0851414 0.32525
2 0.186435 0.924323 0.0822099 0.134674 0.317918
2 0.544646 0.924674 0.122871 0.148062 0.298019
0 0.543233 0.920813 0.11613 0.142839 0.278047
2 0.872104 0.886659 0.0700955 0.110813 0.273183
0 0.941218 0.981202 0.117565 0.0372223 0.262391
