0 0.513162 0.359271 0.973676 0.302211 0.8426
0 0.645561 0.724676 0.226328 0.230948 0.820959
0 0.39092 0.529349 0.116228 0.0875212 0.798468
0 0.852562 0.510397 0.193661 0.20432 0.772137
0 0.340655 0.730276 0.285824 0.27286 0.714825
0 0.505902 0.589593 0.139376 0.0969564 0.705361
0 0.693995 0.567654 0.12417 0.0946523 0.670931
2 0.662024 0.0641963 0.195326 0.128393 0.667678
2 0.432412 0.0942329 0.281679 0.186712 0.604353
0 0.856647 0.687125 0.146742 0.143933 0.58733
2 0.839516 0.906429 0.0767971 0.118562 0.4042
0 0.0872329 0.580414 0.0944977 0.0908489 0.354496
2 0.482513 0.934759 0.125998 0.130144 0.33447
0 0.227777 0.505829 0.0772803 0.0750045 0.3131
0 0.838826 0.0256266 0.132803 0.0512531 0.298058
0 0.555487 0.501631 0.0786894 0.0589432 0.270591
0 0.737696 0.239343 0.124293 0.0989779 0.263729
2 0.104615 0.941129 0.0874281 0.117693 0.260931
