0 0.689201 0.61831 0.280228 0.220756 0.868347
0 0.485761 0.58896 0.113998 0.112161 0.803801
0 0.454634 0.806636 0.0980021 0.0916504 0.655183
0 0.53821 0.425009 0.199627 0.193662 0.649759
0 0.341264 0.557724 0.101077 0.090196 0.640804
0 0.196931 0.692253 0.154854 0.0986626 0.623594
0 0.331743 0.674635 0.103307 0.0872351 0.61712
0 0.575498 0.421328 0.284972 0.196416 0.575925
0 0.202076 0.591125 0.0783766 0.0703835 0.556382
0 0.921163 0.616055 0.156918 0.230877 0.547452
0 0.308956 0.771294 0.10946 0.0848572 0.540978
0 0.444552 0.904119 0.114496 0.0946945 0.530193
2 0.299134 0.952599 0.187991 0.0948027 0.506331
0 0.118018 0.225718 0.110138 0.0761677 0.456309
0 0.101349 0.558348 0.0955873 0.0800659 0.43439
0 0.148612 0.363593 0.137253 0.106487 0.426898
0 0.141896 0.891915 0.0967186 0.141361 0.378674
0 0.0592106 0.650763 0.104086 0.0784342 0.357137
2 0.303089 0.256532 0.197498 0.159376 0.336381
0 0.290465 0.861307 0.0874061 0.0779736 0.328561
0 0.462978 0.713607 0.0669987 0.0768501 0.277805
0 0.298136 0.953041 0.184424 0.0939182 0.274149
0 0.903412 0.798531 0.112043 0.143619 0.262958
