0 0.696195 0.617702 0.281551 0.222064 0.878413
0 0.493475 0.588615 0.113884 0.111463 0.803444
0 0.201248 0.693399 0.152957 0.0981897 0.753013
0 0.336254 0.673159 0.104284 0.0874508 0.739231
0 0.347299 0.556113 0.0975898 0.0883191 0.731127
0 0.459153 0.805789 0.101787 0.091501 0.699491
0 0.206251 0.588689 0.0833114 0.0712563 0.644006
0 0.317062 0.771405 0.105499 0.0873781 0.612437
0 0.546371 0.422819 0.205214 0.198341 0.597965
0 0.452246 0.9051 0.110958 0.09375 0.591753
0 0.110026 0.558958 0.0932018 0.0833307 0.582778
0 0.155714 0.361511 0.134408 0.104349 0.545044
0 0.146954 0.892258 0.099067 0.139466 0.541975
0 0.122635 0.225669 0.110609 0.076962 0.510786
0 0.303544 0.861435 0.0882732 0.0786762 0.508924
0 0.0636266 0.649846 0.109031 0.0765375 0.508339
0 0.594925 0.0656926 0.158963 0.122084 0.483958
0 0.471984 0.713863 0.0661068 0.0751537 0.473542
0 0.305529 0.95406 0.182002 0.0918809 0.453918
0 0.926089 0.61621 0.147318 0.232421 0.413393
2 0.308423 0.952985 0.188428 0.0940306 0.380931
0 0.905439 0.799268 0.105767 0.14251 0.356058
0 0.885862 0.271084 0.212365 0.157761 0.335323
0 0.141074 0.465633 0.0984545 0.0781681 0.282666
0 0.479431 0.978121 0.133572 0.043759 0.280986
0 0.160055 0.790028 0.0850055 0.0668055 0.273032
