0 0.698074 0.735219 0.221796 0.234691 0.829619
0 0.514359 0.370507 0.971282 0.295037 0.789572
0 0.124037 0.745522 0.236376 0.276207 0.776706
0 0.499075 0.102436 0.27533 0.20377 0.754761
0 0.557241 0.595758 0.136163 0.100181 0.745492
0 0.151787 0.585841 0.106854 0.0908878 0.724906
0 0.0543027 0.477849 0.103874 0.0827145 0.704419
0 0.903426 0.523536 0.185931 0.20319 0.703351
0 0.451495 0.539201 0.108555 0.0896984 0.61
2 0.726063 0.0723479 0.1913 0.143755 0.587714
0 0.395567 0.733659 0.273762 0.272997 0.58323
0 0.284849 0.510822 0.0834513 0.0686874 0.577515
0 0.747539 0.577906 0.120972 0.0903463 0.569925
0 0.200385 0.0870199 0.265526 0.167923 0.549358
2 0.538113 0.936829 0.122902 0.122473 0.527352
0 0.908577 0.698254 0.146584 0.143654 0.480017
0 0.904988 0.0358741 0.169597 0.0716365 0.394402
0 0.909718 0.131988 0.180564 0.107513 0.373977
2 0.889609 0.913568 0.0782491 0.120173 0.372289
2 0.738575 0.933375 0.115143 0.133249 0.34824
0 0.239194 0.205911 0.0938887 0.0514968 0.267053
