0 0.348787 0.715577 0.217184 0.226023 0.831038
0 0.800695 0.554731 0.162925 0.171075 0.828626
0 0.112669 0.725718 0.222792 0.226327 0.825078
0 0.538222 0.408691 0.841159 0.218109 0.818085
0 0.6122 0.726627 0.194983 0.192811 0.746712
0 0.500063 0.204351 0.224148 0.174585 0.743839
0 0.955979 0.790238 0.0880411 0.11116 0.493501
0 0.258616 0.191132 0.222482 0.139448 0.424316
0 0.453945 0.896074 0.10169 0.115088 0.404179
0 0.504227 0.607049 0.114896 0.0795898 0.399598
0 0.79005 0.696078 0.122692 0.1243 0.392439
2 0.818349 0.972502 0.13931 0.0549955 0.388974
2 0.258622 0.190545 0.223999 0.137136 0.376763
0 0.691851 0.17801 0.162977 0.130217 0.357287
0 0.280998 0.908011 0.109199 0.148236 0.356269
2 0.610141 0.727451 0.193208 0.191887 0.334635
0 0.621316 0.898811 0.0928817 0.128625 0.322827
0 0.289193 0.533885 0.0596592 0.0580717 0.31952
0 0.41953 0.559125 0.0927914 0.0762671 0.259435
0 0.930926 0.924803 0.0962331 0.0900816 0.25217
