0 0.626657 0.378329 0.177863 0.0960269 0.899475
0 0.184061 0.451405 0.16777 0.175483 0.888072
0 0.814336 0.333932 0.151775 0.0848457 0.862628
0 0.911641 0.580618 0.109646 0.0880789 0.856993
0 0.648659 0.25374 0.152933 0.121094 0.843164
0 0.659803 0.660338 0.102561 0.0845156 0.795917
0 0.789952 0.437697 0.152265 0.0950623 0.778527
0 0.33115 0.686152 0.110306 0.107222 0.76129
0 0.769516 0.21486 0.108747 0.100177 0.753458
0 0.684632 0.141435 0.117482 0.0978723 0.736945
0 0.921216 0.244786 0.110878 0.162658 0.723506
0 0.633566 0.551747 0.0993335 0.0722398 0.703282
0 0.491471 0.434236 0.12015 0.0981076 0.688332
2 0.515429 0.941524 0.215695 0.116951 0.628146
0 0.281069 0.563619 0.105335 0.0898577 0.617333
0 0.403716 0.533878 0.093416 0.085049 0.553428
0 0.631105 0.468166 0.0906065 0.0664959 0.546323
0 0.696111 0.864959 0.144764 0.134628 0.50065
0 0.799715 0.53107 0.0775077 0.0816168 0.473458
2 0.256565 0.125492 0.170481 0.0932447 0.451607
2 0.099186 0.0674921 0.176913 0.129101 0.447124
0 0.924617 0.280346 0.093847 0.0822924 0.404029
0 0.540723 0.715546 0.100603 0.0911528 0.394184
0 0.16109 0.606714 0.121523 0.143345 0.390815
2 0.745874 0.978014 0.148994 0.0439716 0.383717
0 0.565357 0.800419 0.103967 0.0698914 0.335834
0 0.374327 0.436558 0.0921326 0.113891 0.32591
0 0.442268 0.102935 0.126779 0.093931 0.320261
0 0.807385 0.121972 0.110651 0.0856873 0.293577
0 0.543657 0.60675 0.0766039 0.0703888 0.281394
0 0.77124 0.714635 0.0896442 0.0803598 0.266533
