0 0.699437 0.722766 0.207694 0.217241 0.851959
0 0.132659 0.739536 0.260846 0.266678 0.846088
0 0.900385 0.523846 0.181112 0.197844 0.833246
0 0.560008 0.372705 0.856523 0.283698 0.823353
0 0.407054 0.726785 0.262921 0.271317 0.778762
0 0.563859 0.593491 0.13254 0.0970678 0.741675
0 0.903009 0.690525 0.148735 0.136428 0.73806
0 0.459383 0.537932 0.10277 0.0876265 0.680944
0 0.171777 0.581139 0.0927198 0.0870266 0.636004
2 0.728835 0.0819012 0.182486 0.149495 0.582828
0 0.3046 0.510378 0.0811014 0.0705457 0.530743
0 0.505633 0.113943 0.266518 0.197675 0.491995
0 0.0746637 0.476047 0.106437 0.0781322 0.456496
0 0.745133 0.576236 0.1197 0.0854212 0.430838
0 0.340425 0.923362 0.11921 0.12991 0.421
0 0.906863 0.143743 0.183527 0.105456 0.420579
0 0.542802 0.926686 0.119329 0.13364 0.374565
0 0.732526 0.925605 0.111914 0.142269 0.37287
0 0.791547 0.256292 0.120549 0.114249 0.348868
0 0.220676 0.103384 0.239905 0.168075 0.329819
2 0.506762 0.113108 0.261485 0.202801 0.311601
2 0.880296 0.899189 0.0718255 0.116755 0.291885
