0 0.35065 0.713335 0.215533 0.229766 0.869315
0 0.802834 0.556069 0.161287 0.168334 0.853186
0 0.11749 0.723033 0.232295 0.223341 0.843106
0 0.514051 0.422889 0.931073 0.244174 0.832678
0 0.612048 0.726938 0.190568 0.191686 0.82032
0 0.455728 0.893391 0.103077 0.117223 0.7258
0 0.514237 0.209661 0.231391 0.171489 0.646414
0 0.62062 0.89687 0.0940114 0.126635 0.594103
0 0.904232 0.66765 0.102157 0.0869472 0.588914
0 0.954732 0.791053 0.0905363 0.112689 0.579082
0 0.928566 0.923384 0.0968336 0.0889809 0.531376
0 0.789682 0.695971 0.119546 0.123255 0.521874
0 0.278741 0.907396 0.112415 0.151778 0.472856
0 0.510986 0.607334 0.117034 0.0818703 0.446071
0 0.697603 0.177821 0.162088 0.119788 0.411819
2 0.272404 0.2078 0.218627 0.111255 0.393682
0 0.0675728 0.187812 0.132307 0.122517 0.328374
