0 0.814643 0.515355 0.191834 0.204613 0.830461
0 0.491578 0.359711 0.937996 0.282505 0.814455
0 0.609152 0.730853 0.223856 0.234752 0.753804
0 0.30742 0.729607 0.269958 0.270431 0.65631
2 0.802516 0.909408 0.0778439 0.119086 0.599547
0 0.466704 0.594095 0.137549 0.09834 0.584494
0 0.355575 0.537238 0.113284 0.0932701 0.526363
0 0.39888 0.0995357 0.280868 0.19793 0.448946
2 0.651773 0.932051 0.123497 0.135898 0.43592
0 0.948367 0.648127 0.103265 0.101951 0.427495
2 0.624405 0.0659805 0.182967 0.131644 0.415888
0 0.113154 0.0831962 0.226308 0.165453 0.409986
2 0.821706 0.122304 0.198582 0.112528 0.396754
0 0.929906 0.416543 0.0847378 0.067835 0.393825
0 0.652956 0.577093 0.122749 0.0818581 0.379766
0 0.818733 0.692414 0.13937 0.148835 0.349827
2 0.453467 0.936779 0.130173 0.126219 0.344641
2 0.797713 0.0288558 0.138785 0.0560211 0.320967
2 0.900611 0.85513 0.0791043 0.0968357 0.31599
2 0.402222 0.0981304 0.262924 0.195246 0.290718
