0 0.118525 0.662109 0.230216 0.194797 0.876907
0 0.332871 0.653143 0.187963 0.190831 0.848467
0 0.547137 0.664298 0.153007 0.167179 0.787833
0 0.105399 0.926246 0.0951492 0.103414 0.67219
0 0.515439 0.40764 0.778407 0.205273 0.498429
0 0.418376 0.809266 0.0956285 0.107097 0.468185
0 0.253899 0.943564 0.144955 0.106786 0.436934
0 0.849703 0.716111 0.0970437 0.0948997 0.418012
0 0.271527 0.81589 0.086327 0.125419 0.409208
0 0.767698 0.972738 0.117019 0.0542318 0.383074
0 0.711761 0.525907 0.14906 0.150857 0.364731
0 0.721586 0.892221 0.105143 0.0969101 0.333288
