0 0.689725 0.367033 0.18401 0.0969364 0.886264
0 0.711395 0.244913 0.151869 0.119603 0.819996
0 0.881834 0.326383 0.152955 0.0846723 0.813387
0 0.257493 0.440918 0.170911 0.172579 0.802953
2 0.58751 0.936772 0.208002 0.126456 0.768951
0 0.727393 0.651911 0.107377 0.0843822 0.666001
2 0.942058 0.889015 0.111789 0.100477 0.630086
0 0.859038 0.428148 0.153687 0.0944429 0.598235
2 0.813189 0.972659 0.163545 0.0546822 0.580816
0 0.75705 0.131367 0.1121 0.0956199 0.469085
0 0.699503 0.542756 0.0941233 0.0746166 0.389867
2 0.354116 0.807067 0.098293 0.0927124 0.372115
0 0.843508 0.206692 0.090942 0.097036 0.290983
2 0.87363 0.111415 0.108017 0.087946 0.276259
2 0.488043 0.755515 0.0874896 0.0972981 0.262411
