0 0.31387 0.69444 0.204134 0.212489 0.903031
0 0.100073 0.700242 0.192959 0.218151 0.838872
0 0.559682 0.698846 0.168331 0.178046 0.837414
0 0.746302 0.539459 0.158478 0.164891 0.806214
0 0.51385 0.408249 0.972301 0.234986 0.764046
0 0.901804 0.762146 0.106581 0.106891 0.684017
0 0.0588135 0.971924 0.101473 0.0556561 0.673526
0 0.473135 0.208491 0.21862 0.160362 0.6678
2 0.240404 0.191897 0.216949 0.128372 0.585628
0 0.246717 0.876144 0.100656 0.141787 0.566185
0 0.467158 0.587423 0.11387 0.0836058 0.550577
0 0.415795 0.859096 0.106038 0.104514 0.547658
2 0.758645 0.954352 0.120712 0.0910372 0.488133
0 0.738395 0.685681 0.118578 0.136942 0.423807
0 0.574566 0.866073 0.0906477 0.122084 0.355334
0 0.758994 0.953902 0.124059 0.0921955 0.292275
0 0.241296 0.190788 0.212219 0.128424 0.284653
