0 0.618675 0.439705 0.170197 0.0945549 0.893038
0 0.175697 0.51468 0.174676 0.169748 0.860818
0 0.799765 0.399795 0.154655 0.0836204 0.845771
0 0.634507 0.319667 0.147633 0.119546 0.837646
0 0.32115 0.747831 0.109583 0.10609 0.720304
0 0.151913 0.67146 0.121136 0.142679 0.710796
0 0.765578 0.281034 0.10304 0.0934469 0.686466
0 0.779344 0.499461 0.151929 0.092304 0.684103
0 0.675701 0.207282 0.109571 0.0937104 0.678007
0 0.648392 0.72488 0.109324 0.0840049 0.666021
0 0.901315 0.313186 0.105203 0.16454 0.61675
2 0.919401 0.170597 0.15188 0.0935644 0.526364
2 0.506168 0.974751 0.156378 0.0502815 0.525954
0 0.531432 0.77781 0.0851413 0.0849131 0.517078
0 0.274896 0.627771 0.0982586 0.0887962 0.490735
0 0.394218 0.595014 0.0974217 0.0763733 0.439419
0 0.685436 0.928878 0.138104 0.137509 0.435687
0 0.481103 0.497134 0.123324 0.0955478 0.426641
0 0.434597 0.707416 0.0747511 0.0691004 0.421423
0 0.62146 0.532265 0.100453 0.0737854 0.418974
2 0.271541 0.882627 0.0969826 0.0935371 0.392686
0 0.91203 0.348414 0.0839851 0.089336 0.382526
2 0.315005 0.963812 0.0911466 0.0713505 0.339066
2 0.905544 0.648245 0.118256 0.0822138 0.31181
0 0.622174 0.614105 0.0898167 0.0657701 0.311314
0 0.428748 0.169381 0.122988 0.0953111 0.282349
0 0.777538 0.681493 0.100238 0.0724262 0.251604
