0 0.618994 0.378684 0.176977 0.0972673 0.898458
0 0.179682 0.451815 0.168647 0.174778 0.886096
0 0.810724 0.335215 0.143459 0.0862211 0.850929
0 0.641966 0.255091 0.158117 0.120858 0.821591
0 0.909888 0.580633 0.116455 0.0897507 0.796693
0 0.325261 0.687627 0.108905 0.106875 0.749646
0 0.680178 0.144301 0.11483 0.0995933 0.727629
0 0.918483 0.246383 0.110582 0.164094 0.718309
0 0.785124 0.438415 0.149431 0.0964759 0.713781
0 0.770912 0.216832 0.102259 0.0983357 0.700236
0 0.654791 0.661736 0.105935 0.0847864 0.687126
2 0.511032 0.941924 0.213698 0.11604 0.659015
0 0.625654 0.553981 0.095025 0.0755007 0.643424
0 0.488316 0.435625 0.122783 0.0998764 0.624259
0 0.157908 0.603028 0.123116 0.13444 0.610478
0 0.62526 0.470166 0.0929838 0.0696241 0.576522
0 0.400452 0.53697 0.0924383 0.0796646 0.548573
0 0.696321 0.864787 0.15223 0.136317 0.526282
0 0.277676 0.564197 0.101059 0.0883495 0.511681
2 0.254083 0.126659 0.169544 0.0951646 0.468664
0 0.921601 0.282284 0.0903792 0.0841551 0.405746
2 0.512268 0.178183 0.125033 0.0820371 0.39458
0 0.794027 0.530837 0.0748067 0.0803788 0.356843
0 0.559215 0.810362 0.105734 0.0878632 0.353316
2 0.322661 0.912208 0.0927318 0.0859394 0.337337
0 0.438944 0.103707 0.128917 0.0942427 0.329772
2 0.926916 0.103578 0.138987 0.0947397 0.307499
2 0.0996614 0.0683067 0.1771 0.127816 0.301883
0 0.53781 0.716431 0.095196 0.0885122 0.295175
0 0.866655 0.899164 0.119202 0.0955616 0.293195
0 0.405673 0.764222 0.0900374 0.0979238 0.292773
2 0.802083 0.812643 0.115333 0.0855663 0.289528
2 0.105308 0.778042 0.0743769 0.100597 0.273215
0 0.899291 0.397992 0.091806 0.0647944 0.266812
0 0.43848 0.642151 0.0779871 0.0674454 0.254981
2 0.199757 0.735262 0.0551252 0.0806828 0.253214
0 0.766575 0.716027 0.0890516 0.0802378 0.250185
