0 0.312328 0.690714 0.199461 0.226546 0.854491
0 0.743422 0.534863 0.157243 0.162853 0.81827
0 0.556218 0.696314 0.166893 0.179485 0.815871
0 0.0989708 0.699193 0.191111 0.217859 0.803433
0 0.465 0.205433 0.212689 0.1641 0.715
0 0.513104 0.408333 0.973792 0.241686 0.685533
0 0.899802 0.759242 0.106381 0.106018 0.66467
2 0.238188 0.191506 0.215224 0.129713 0.538519
0 0.0582113 0.970807 0.0995881 0.0576515 0.526734
2 0.756951 0.952954 0.122249 0.0940919 0.51702
0 0.244883 0.871638 0.0945396 0.138472 0.472226
0 0.464555 0.584985 0.106408 0.0726355 0.4432
0 0.240176 0.190872 0.211949 0.129429 0.385704
0 0.757376 0.95225 0.124984 0.0955004 0.368712
0 0.647259 0.177723 0.15691 0.119078 0.305382
2 0.559813 0.696909 0.177589 0.180207 0.297963
2 0.841544 0.46341 0.0463918 0.05758 0.292129
0 0.413081 0.859785 0.1017 0.108978 0.288248
