0 0.577255 0.403341 0.172845 0.0950393 0.868092
0 0.13598 0.479768 0.166544 0.175328 0.847775
0 0.766618 0.361141 0.143554 0.0868993 0.826543
2 0.818183 0.926933 0.12199 0.0945576 0.730823
2 0.67014 0.882739 0.193415 0.149936 0.694878
2 0.394527 0.951932 0.36404 0.0961365 0.677622
0 0.279687 0.712495 0.10688 0.109445 0.667465
0 0.638381 0.17157 0.114947 0.099138 0.659957
0 0.72747 0.243529 0.102195 0.0961624 0.646126
0 0.599021 0.282427 0.154461 0.122206 0.640546
2 0.400744 0.876825 0.0880585 0.0730644 0.629237
0 0.872273 0.274322 0.0986313 0.158491 0.621834
2 0.468051 0.202865 0.123966 0.0828348 0.577279
2 0.234141 0.844605 0.096629 0.08825 0.573575
2 0.209318 0.15131 0.171194 0.0921008 0.567508
0 0.878329 0.306966 0.0910034 0.0823665 0.554261
2 0.941837 0.889592 0.103425 0.0786076 0.514978
2 0.151622 0.761679 0.0434786 0.0834179 0.504808
0 0.111119 0.627365 0.123252 0.1308 0.501099
2 0.322405 0.462977 0.0893682 0.117776 0.498832
0 0.232719 0.590529 0.100348 0.0868067 0.479923
2 0.64902 0.89029 0.149871 0.130853 0.477459
0 0.443938 0.462308 0.119903 0.10214 0.457193
2 0.839045 0.700314 0.0830137 0.0768074 0.43135
0 0.609816 0.687209 0.105457 0.0833473 0.429474
2 0.749142 0.838438 0.130786 0.0828947 0.428348
0 0.740075 0.463955 0.149016 0.0957422 0.417491
2 0.838802 0.136412 0.257831 0.104299 0.40732
2 0.362006 0.789855 0.0925905 0.0965908 0.400693
0 0.580848 0.576133 0.0935254 0.0693966 0.393467
2 0.395402 0.129852 0.12725 0.0960402 0.392726
2 0.0546229 0.802578 0.0750874 0.104412 0.388663
2 0.878042 0.13222 0.174579 0.0972254 0.374464
2 0.114001 0.933021 0.165036 0.133552 0.359005
2 0.847251 0.543053 0.13522 0.10253 0.357949
2 0.770531 0.139292 0.135691 0.104805 0.355911
2 0.098425 0.927806 0.120213 0.12186 0.34776
2 0.0704876 0.0972364 0.138008 0.127757 0.344887
2 0.866074 0.606602 0.115473 0.0893013 0.334903
2 0.933071 0.978764 0.124608 0.0421921 0.331978
2 0.448158 0.955435 0.252741 0.088739 0.320057
2 0.858589 0.524421 0.108105 0.0658712 0.279465
0 0.355724 0.561073 0.0919494 0.0753056 0.275421
2 0.876287 0.796759 0.0723629 0.103346 0.261514
