0 0.794374 0.5258 0.195494 0.200915 0.862806
2 0.605154 0.0702244 0.194591 0.138181 0.733176
0 0.473974 0.366636 0.916388 0.279181 0.688402
0 0.44696 0.604071 0.135754 0.0947935 0.678296
0 0.29115 0.741475 0.267776 0.266001 0.630748
0 0.63495 0.580889 0.114759 0.0935604 0.576953
2 0.778803 0.917298 0.0773292 0.122796 0.516033
2 0.589196 0.73826 0.227363 0.231381 0.498765
2 0.634959 0.935997 0.129094 0.128006 0.489499
0 0.771478 0.0322212 0.143372 0.0643337 0.476372
0 0.801302 0.130601 0.196745 0.117309 0.46755
0 0.582319 0.739771 0.213159 0.230518 0.466663
0 0.907263 0.420099 0.0763848 0.0740149 0.466059
2 0.377748 0.101011 0.27592 0.200697 0.424493
0 0.333784 0.54592 0.111217 0.0952688 0.410258
0 0.936064 0.656448 0.107029 0.103647 0.380301
0 0.382911 0.103399 0.289359 0.205216 0.360046
0 0.116404 0.209626 0.0820974 0.0568981 0.266802
0 0.174556 0.52389 0.0807285 0.0853523 0.266232
0 0.799194 0.702524 0.146357 0.14425 0.253697
