0 0.143655 0.495652 0.16642 0.173351 0.857993
0 0.586263 0.418746 0.178757 0.0973789 0.834121
0 0.771943 0.378317 0.148539 0.0842113 0.830036
0 0.287614 0.730486 0.112733 0.107955 0.797037
0 0.607137 0.299615 0.156696 0.121206 0.764897
0 0.619264 0.704181 0.0986403 0.084719 0.76307
2 0.485657 0.965507 0.197683 0.0682789 0.734475
0 0.645212 0.189176 0.11002 0.0947866 0.687812
0 0.117671 0.655943 0.12427 0.149084 0.665462
0 0.731167 0.261672 0.101382 0.0979025 0.633815
0 0.880938 0.301803 0.0919359 0.143389 0.631538
0 0.592395 0.594037 0.0984394 0.070542 0.621989
0 0.748806 0.480839 0.152276 0.0936115 0.603233
0 0.449869 0.479856 0.1197 0.0962499 0.593266
0 0.241348 0.607353 0.100643 0.0880465 0.591958
0 0.88414 0.32688 0.0915276 0.0885921 0.562496
0 0.363037 0.578224 0.101469 0.0814442 0.562319
2 0.88806 0.812959 0.0817922 0.108837 0.535507
2 0.844993 0.71766 0.0742693 0.0790289 0.525903
2 0.519758 0.963967 0.279567 0.0707077 0.49949
2 0.220259 0.171014 0.166539 0.0934385 0.466185
2 0.767205 0.159814 0.117551 0.0962881 0.419568
0 0.871968 0.625675 0.11039 0.0911308 0.416695
0 0.589897 0.513972 0.0975589 0.0683339 0.414094
0 0.400823 0.686783 0.0780221 0.0726658 0.404075
2 0.286931 0.954573 0.107707 0.0889805 0.393945
2 0.747755 0.66223 0.0967719 0.0720905 0.3846
0 0.500119 0.647084 0.0818734 0.0696392 0.367522
0 0.864135 0.443755 0.0938958 0.063384 0.357526
2 0.88954 0.151242 0.156006 0.0962983 0.35203
2 0.862108 0.544942 0.130757 0.0719234 0.338499
2 0.237045 0.862601 0.100584 0.0951164 0.335109
2 0.762162 0.856832 0.112131 0.0864922 0.326768
0 0.497747 0.760053 0.101498 0.0898972 0.322433
0 0.86929 0.290792 0.110008 0.168454 0.311279
0 0.520942 0.844235 0.10175 0.069931 0.30151
0 0.479755 0.565627 0.0928165 0.0740113 0.300184
2 0.0618478 0.821621 0.0710738 0.100143 0.296549
2 0.843183 0.154617 0.249454 0.100031 0.28668
2 0.951721 0.91423 0.0952732 0.0925812 0.283574
2 0.655824 0.908304 0.15312 0.141901 0.282929
2 0.163971 0.779407 0.0486568 0.0849771 0.267557
2 0.371163 0.808231 0.0909685 0.094293 0.25071
