0 0.312398 0.675627 0.196634 0.21555 0.82957
0 0.0996097 0.687263 0.195395 0.205567 0.826533
0 0.549332 0.689155 0.166781 0.177448 0.761523
0 0.730031 0.531251 0.15131 0.157285 0.734391
0 0.881361 0.748677 0.099754 0.0998051 0.726096
0 0.511238 0.409531 0.977523 0.237272 0.699177
0 0.0638529 0.960703 0.10609 0.0779678 0.573805
0 0.461539 0.211484 0.215916 0.158803 0.515281
2 0.237432 0.196465 0.212051 0.120529 0.512684
0 0.82793 0.633862 0.088531 0.0822174 0.470944
0 0.741938 0.94078 0.115506 0.1056 0.464059
2 0.684257 0.824217 0.0644328 0.0928701 0.401807
0 0.240004 0.194983 0.21079 0.121007 0.343681
2 0.234819 0.969508 0.150358 0.0609833 0.311184
2 0.921603 0.518935 0.11319 0.108402 0.309148
0 0.246907 0.856024 0.0945942 0.141133 0.298772
2 0.634789 0.184533 0.144995 0.115319 0.2862
0 0.893094 0.956877 0.0891903 0.0835505 0.27894
0 0.383964 0.535293 0.0824198 0.0666645 0.276081
2 0.901752 0.522174 0.0790585 0.102354 0.25766
2 0.888019 0.288533 0.0862718 0.0567716 0.256613
