0 0.317895 0.659263 0.191058 0.213122 0.891681
0 0.546993 0.676097 0.160933 0.167323 0.872571
0 0.108184 0.677845 0.216369 0.206666 0.844361
0 0.4946 0.408282 0.931917 0.219413 0.674262
0 0.861959 0.734623 0.0983461 0.0988813 0.672553
0 0.721495 0.532896 0.149508 0.165127 0.644442
0 0.732086 0.915361 0.117528 0.0980476 0.58946
0 0.0809556 0.949946 0.0991331 0.0980415 0.398932
0 0.708381 0.650638 0.107191 0.105686 0.314937
2 0.240812 0.957106 0.147403 0.0857875 0.31089
0 0.411279 0.825291 0.0957158 0.106704 0.281903
