0 0.69014 0.622667 0.283007 0.226055 0.87142
2 0.297466 0.957821 0.187594 0.0841095 0.647374
0 0.488825 0.597185 0.11576 0.116674 0.625049
0 0.344055 0.564738 0.0987912 0.0919184 0.591925
0 0.54251 0.430992 0.197769 0.198276 0.563649
0 0.332601 0.681987 0.101378 0.0917866 0.536086
0 0.202906 0.701476 0.163545 0.0949384 0.494145
0 0.307461 0.7764 0.108631 0.0850309 0.45873
0 0.452612 0.813806 0.0992269 0.0914387 0.425654
0 0.202627 0.598979 0.0796679 0.0801845 0.402039
0 0.922295 0.61905 0.151572 0.227455 0.401033
2 0.311216 0.26667 0.200762 0.151044 0.303206
0 0.124927 0.235752 0.109155 0.0813536 0.29536
2 0.573801 0.906011 0.0983551 0.104909 0.292513
0 0.586982 0.42318 0.312121 0.215226 0.29204
0 0.0614971 0.656664 0.105297 0.0785131 0.283246
2 0.245362 0.422071 0.0893985 0.0867973 0.257716
