0 0.175569 0.630036 0.191963 0.158292 0.760954
2 0.873817 0.791679 0.0706272 0.0475937 0.624265
0 0.362825 0.622503 0.155693 0.150965 0.624217
2 0.779056 0.943024 0.0673301 0.0561363 0.590774
2 0.810841 0.886859 0.0747281 0.0482559 0.527267
2 0.678591 0.819755 0.0915894 0.0769608 0.407666
2 0.919958 0.887596 0.150963 0.14176 0.392663
2 0.956549 0.763735 0.0733618 0.050342 0.374432
2 0.854797 0.940323 0.0507626 0.0619541 0.348475
2 0.161963 0.954958 0.0493766 0.033926 0.339892
2 0.100887 0.740484 0.0649788 0.0770398 0.26731
