0 0.31966 0.697136 0.203226 0.210126 0.899707
0 0.752234 0.541308 0.158608 0.15942 0.866749
0 0.0981125 0.703759 0.196225 0.218811 0.849016
0 0.570176 0.704962 0.176675 0.18433 0.834393
0 0.909224 0.766519 0.118539 0.103518 0.800662
0 0.505861 0.413486 0.957211 0.245812 0.72713
0 0.419589 0.862257 0.106557 0.105237 0.700419
0 0.578155 0.868755 0.0905979 0.120667 0.683226
0 0.058906 0.973866 0.100401 0.0517487 0.656597
0 0.765635 0.956692 0.124251 0.0866155 0.646935
0 0.854961 0.648933 0.097298 0.0874693 0.590177
0 0.250964 0.878955 0.0989545 0.144014 0.561676
2 0.243187 0.195261 0.223166 0.134122 0.548664
0 0.741164 0.682489 0.123764 0.135789 0.500345
0 0.476413 0.209427 0.219222 0.16541 0.415446
0 0.8784 0.895135 0.0859011 0.0852072 0.40512
0 0.472819 0.596154 0.108749 0.0779882 0.308239
2 0.809922 0.314468 0.0786224 0.0527514 0.293579
0 0.236541 0.983638 0.145791 0.0327232 0.262793
