0 0.349948 0.708683 0.214473 0.253264 0.85078
0 0.807489 0.554286 0.159201 0.172154 0.825491
0 0.11607 0.724712 0.232139 0.227619 0.820377
0 0.510524 0.411786 0.902261 0.23149 0.816335
0 0.614879 0.727182 0.182384 0.191604 0.786639
0 0.513349 0.206143 0.23343 0.176414 0.765354
0 0.706212 0.17704 0.168735 0.128892 0.551699
0 0.267076 0.191449 0.218976 0.141896 0.524048
2 0.82009 0.972363 0.134149 0.055274 0.500354
0 0.514579 0.609887 0.11594 0.0859896 0.453914
0 0.460807 0.895765 0.112357 0.111657 0.371762
2 0.26611 0.192775 0.221348 0.136868 0.364733
0 0.625894 0.897956 0.0876903 0.12638 0.315396
0 0.916812 0.667536 0.088634 0.0867126 0.268578
0 0.799709 0.694284 0.124731 0.12285 0.267599
