0 0.312676 0.67099 0.195766 0.218717 0.85256
0 0.0996059 0.6856 0.194055 0.207293 0.833968
0 0.548688 0.685571 0.166904 0.175576 0.814201
0 0.727391 0.530918 0.150541 0.157848 0.735321
0 0.879424 0.742452 0.102382 0.10079 0.725885
0 0.740286 0.933202 0.119386 0.0983585 0.541768
0 0.825068 0.632806 0.0848158 0.0787228 0.464538
0 0.0668327 0.959361 0.106034 0.0809818 0.464524
2 0.8998 0.517031 0.0872933 0.105885 0.45698
0 0.509947 0.405861 0.97266 0.22124 0.425482
2 0.236954 0.967088 0.149855 0.0658237 0.407555
2 0.633801 0.186151 0.149839 0.110764 0.397649
2 0.23866 0.197919 0.211486 0.119513 0.311446
