0 0.313196 0.691846 0.203503 0.214908 0.894924
0 0.558211 0.697495 0.167952 0.178827 0.836335
0 0.0996442 0.699572 0.193228 0.217826 0.830863
0 0.744277 0.53736 0.156687 0.167135 0.790147
0 0.513114 0.405809 0.973772 0.227988 0.675578
0 0.901899 0.760419 0.108433 0.105897 0.656203
0 0.0587223 0.971311 0.100577 0.0568424 0.638051
0 0.47161 0.208802 0.215969 0.160566 0.636261
2 0.240294 0.192303 0.216811 0.128467 0.618995
0 0.465329 0.58719 0.110261 0.0825903 0.575
0 0.246028 0.874026 0.0954839 0.1404 0.531175
2 0.75773 0.953427 0.122128 0.0930244 0.487738
0 0.414227 0.859697 0.104349 0.107233 0.461514
0 0.736308 0.683879 0.12102 0.146615 0.331604
0 0.24134 0.191145 0.212738 0.128137 0.323308
0 0.758471 0.952671 0.124884 0.0946587 0.285017
0 0.2286 0.979956 0.146534 0.0400887 0.282133
2 0.845217 0.462155 0.0535919 0.05471 0.252515
