0 0.696468 0.709795 0.209356 0.21089 0.87671
0 0.144328 0.718376 0.281128 0.253824 0.872095
0 0.582895 0.374619 0.802963 0.277313 0.861053
0 0.419433 0.706522 0.248783 0.252772 0.784266
0 0.518101 0.1304 0.245873 0.187972 0.772655
0 0.468632 0.529177 0.101272 0.080014 0.707969
0 0.890214 0.520445 0.177943 0.189697 0.683025
0 0.195886 0.571334 0.0987385 0.0792658 0.663906
0 0.566958 0.585443 0.12395 0.0900918 0.650834
0 0.723803 0.100122 0.167014 0.141897 0.545664
0 0.891878 0.676319 0.141332 0.140384 0.510026
0 0.0820147 0.461474 0.14467 0.0929064 0.501561
0 0.546763 0.909476 0.114221 0.149128 0.493556
0 0.739528 0.564028 0.112637 0.078022 0.486028
0 0.319058 0.51181 0.0769651 0.0804929 0.44979
0 0.724522 0.906214 0.102543 0.150758 0.446715
2 0.866797 0.872326 0.0698066 0.107478 0.414779
0 0.90757 0.593767 0.181151 0.325645 0.410835
0 0.106029 0.471175 0.101075 0.0721705 0.408884
2 0.942419 0.971736 0.113356 0.0565287 0.390696
0 0.899909 0.160031 0.180159 0.104426 0.367755
0 0.895138 0.646092 0.158099 0.205239 0.347975
0 0.907483 0.0521019 0.182251 0.103303 0.295876
