0 0.325185 0.659249 0.18793 0.197046 0.896065
0 0.115401 0.668949 0.225873 0.202763 0.844704
0 0.54705 0.669834 0.159875 0.169003 0.825028
0 0.0934152 0.941748 0.0923475 0.105988 0.678258
0 0.856401 0.72384 0.102623 0.0919855 0.673584
0 0.727402 0.904408 0.111289 0.0955921 0.559999
0 0.249007 0.952234 0.144437 0.0955314 0.423403
0 0.536399 0.406667 0.805485 0.207771 0.380715
0 0.717964 0.526057 0.151053 0.147547 0.361123
0 0.2667 0.822911 0.0894112 0.124644 0.300991
0 0.412608 0.815433 0.0918538 0.102642 0.25518
