0 0.137954 0.473345 0.16955 0.176264 0.859011
0 0.580564 0.397084 0.174787 0.0972535 0.843725
0 0.769323 0.354426 0.144872 0.0847123 0.802739
0 0.28283 0.706707 0.106657 0.106825 0.74276
0 0.640965 0.164253 0.109678 0.0965692 0.731025
0 0.602407 0.275909 0.157405 0.122105 0.701112
0 0.725544 0.236996 0.105105 0.0989716 0.610194
0 0.112526 0.629864 0.123995 0.143603 0.603919
0 0.870838 0.267205 0.105765 0.168323 0.586696
0 0.236384 0.583212 0.0995883 0.0900296 0.574802
0 0.358274 0.554121 0.0944741 0.0801096 0.566835
0 0.585246 0.570278 0.0985826 0.0703259 0.564862
0 0.445785 0.453879 0.123208 0.095056 0.559007
2 0.452997 0.953259 0.246446 0.0934818 0.542916
2 0.841396 0.692724 0.0803952 0.0773344 0.542841
2 0.235278 0.838023 0.0994307 0.0915716 0.52229
0 0.613861 0.682169 0.101911 0.0854814 0.518872
0 0.742584 0.456672 0.151014 0.0943415 0.491107
2 0.838149 0.129745 0.257291 0.0974313 0.48949
2 0.648964 0.885113 0.152803 0.133577 0.476184
2 0.768929 0.133455 0.124445 0.0994815 0.476029
2 0.394316 0.949982 0.3672 0.0995686 0.471615
2 0.946536 0.884092 0.0977834 0.078223 0.443417
2 0.802351 0.133968 0.194608 0.101444 0.430017
2 0.0593715 0.799042 0.0738376 0.102604 0.425484
2 0.757845 0.831818 0.111598 0.0825417 0.420275
0 0.881784 0.302198 0.0920851 0.0891337 0.381768
2 0.157434 0.755359 0.0445588 0.0842822 0.375074
2 0.821164 0.919211 0.119565 0.0962761 0.355565
2 0.695116 0.987394 0.144991 0.0243076 0.339214
2 0.882965 0.789009 0.080072 0.106559 0.339056
2 0.363573 0.7839 0.0929945 0.0966307 0.325663
2 0.403559 0.871072 0.0832118 0.0706692 0.321927
2 0.864957 0.537476 0.106783 0.105823 0.304536
0 0.39593 0.6616 0.0810842 0.0707508 0.302097
0 0.582858 0.489896 0.0933558 0.0664444 0.301003
2 0.329503 0.456995 0.0946192 0.109714 0.290613
0 0.493263 0.62776 0.073538 0.0770719 0.283533
