0 0.799495 0.554286 0.1624 0.169807 0.858234
0 0.348023 0.717844 0.217207 0.2217 0.853373
0 0.11135 0.725546 0.21963 0.22515 0.82189
0 0.537762 0.408314 0.812468 0.220443 0.798333
0 0.611004 0.726413 0.19484 0.192751 0.78241
0 0.499207 0.20512 0.224204 0.173623 0.748486
0 0.687107 0.177013 0.164779 0.127599 0.637623
0 0.954692 0.790492 0.090617 0.112419 0.503608
0 0.620627 0.898838 0.0950127 0.128255 0.365856
0 0.505233 0.609176 0.114437 0.0821956 0.360914
0 0.280721 0.908794 0.109824 0.149535 0.349512
0 0.454465 0.896023 0.102077 0.114305 0.344121
0 0.25642 0.192193 0.221212 0.140418 0.342535
2 0.81508 0.972574 0.143517 0.0548525 0.339226
2 0.255883 0.191798 0.219806 0.137246 0.334779
0 0.788603 0.697541 0.124352 0.126774 0.325367
0 0.904886 0.665102 0.097898 0.0894342 0.316382
0 0.930103 0.924555 0.0970247 0.0902725 0.315186
0 0.287731 0.533769 0.0600575 0.0579307 0.259145
0 0.418908 0.559742 0.0941679 0.0768854 0.250237
