0 0.1797 0.686817 0.282416 0.23093 0.881975
0 0.675702 0.677084 0.17877 0.187435 0.864649
0 0.428962 0.675669 0.218442 0.221529 0.850195
0 0.749144 0.965406 0.1097 0.0691877 0.737733
0 0.852174 0.509875 0.162435 0.163482 0.734991
0 0.585833 0.971143 0.148248 0.0577135 0.701816
0 0.610967 0.378376 0.738494 0.248702 0.701476
0 0.0587071 0.958403 0.107051 0.0831939 0.699608
0 0.90916 0.939898 0.124664 0.10254 0.634251
0 0.543664 0.850681 0.103992 0.123952 0.53328
0 0.709272 0.847712 0.0923483 0.129506 0.482681
0 0.0833589 0.848829 0.0915119 0.106594 0.457177
0 0.377656 0.842198 0.105981 0.11431 0.425601
2 0.715686 0.131712 0.164148 0.121231 0.355313
0 0.563445 0.567019 0.112454 0.0813923 0.324996
0 0.197756 0.966231 0.113071 0.067539 0.292449
0 0.23324 0.855412 0.0818697 0.120627 0.264368
