0 0.576199 0.711388 0.173806 0.185632 0.887621
0 0.450178 0.422343 0.825181 0.242245 0.870263
0 0.329952 0.703929 0.21575 0.219582 0.844684
0 0.765462 0.54743 0.160498 0.169183 0.837231
0 0.104477 0.713212 0.207358 0.220928 0.792775
0 0.926814 0.777025 0.108171 0.107166 0.72666
0 0.871184 0.655641 0.088994 0.0842382 0.602268
0 0.757442 0.687126 0.117877 0.123583 0.573023
0 0.400051 0.55188 0.0914497 0.0735956 0.507412
0 0.430622 0.875798 0.101518 0.110788 0.467288
0 0.781914 0.962007 0.131739 0.0758505 0.46241
0 0.587973 0.88089 0.0940838 0.127391 0.365469
2 0.263229 0.886891 0.0951075 0.141392 0.357403
2 0.668577 0.180994 0.158951 0.113216 0.356274
0 0.0610143 0.979541 0.0990186 0.0405148 0.323716
0 0.888804 0.904387 0.0890937 0.0880836 0.272832
