0 0.313127 0.675617 0.19597 0.214707 0.825395
0 0.0996528 0.687383 0.195276 0.205367 0.823618
0 0.730365 0.531995 0.151217 0.158041 0.769087
0 0.549758 0.689974 0.166813 0.177974 0.754651
0 0.88135 0.74939 0.101189 0.0985649 0.744584
0 0.510085 0.409126 0.973792 0.23452 0.691543
0 0.461629 0.21127 0.216031 0.159377 0.610292
0 0.0625962 0.961663 0.105733 0.0761848 0.535576
2 0.237062 0.19704 0.20965 0.120586 0.51129
0 0.743447 0.941881 0.117143 0.105553 0.5084
0 0.828646 0.634568 0.0892249 0.0823413 0.440958
0 0.635869 0.184811 0.15046 0.115727 0.40571
2 0.234401 0.969667 0.150208 0.0606667 0.384269
0 0.239616 0.19543 0.210622 0.12074 0.377199
2 0.684006 0.824666 0.0647744 0.0948582 0.375943
0 0.894259 0.957582 0.0888652 0.0819569 0.343464
0 0.461513 0.582288 0.103185 0.0772498 0.330571
0 0.383798 0.535465 0.0833116 0.0661855 0.267531
0 0.247 0.856192 0.0936371 0.140654 0.263903
2 0.550717 0.691621 0.172122 0.179114 0.252277
2 0.903141 0.521883 0.0803023 0.103447 0.250309
