0 0.779438 0.383264 0.148115 0.0848974 0.876311
0 0.5959 0.425622 0.170044 0.0921163 0.869783
0 0.147826 0.499504 0.171019 0.175154 0.867142
0 0.611123 0.304361 0.153207 0.122592 0.808101
0 0.73685 0.26436 0.108853 0.0972059 0.790743
0 0.648041 0.194065 0.119534 0.0940052 0.782149
2 0.492182 0.967754 0.209824 0.0642036 0.767205
0 0.877967 0.6302 0.111836 0.0873007 0.737245
0 0.751056 0.486561 0.149527 0.0948273 0.730002
0 0.882602 0.295989 0.0971993 0.162067 0.709583
0 0.293207 0.734673 0.109872 0.108738 0.708183
0 0.595971 0.598409 0.0962121 0.0675014 0.63997
0 0.624712 0.708871 0.105988 0.0852831 0.631142
0 0.124361 0.658052 0.121858 0.148355 0.603564
2 0.413894 0.899358 0.095168 0.0720669 0.594182
2 0.224789 0.175453 0.166469 0.0944407 0.58977
0 0.454365 0.48299 0.114858 0.0956833 0.585877
0 0.368739 0.581223 0.100501 0.0791531 0.578183
0 0.76164 0.576888 0.0778966 0.0828545 0.566433
0 0.250635 0.611745 0.0937877 0.0913488 0.528286
2 0.168096 0.784371 0.0475704 0.0835354 0.459773
0 0.346088 0.237591 0.0946042 0.0665521 0.451047
2 0.0864713 0.118751 0.166617 0.125308 0.432267
2 0.290606 0.957932 0.111796 0.0832521 0.431215
0 0.593626 0.517631 0.0977595 0.0680498 0.41182
2 0.893212 0.819764 0.0785912 0.101098 0.38423
2 0.662575 0.910236 0.150969 0.141406 0.379772
2 0.849652 0.720855 0.0779641 0.0779363 0.372726
0 0.505672 0.65346 0.0821714 0.070784 0.369968
2 0.412023 0.154258 0.132277 0.0980257 0.367138
2 0.886836 0.157814 0.169069 0.0994297 0.361651
2 0.827896 0.948387 0.119259 0.0968843 0.359725
0 0.866226 0.446351 0.0919949 0.0627635 0.35273
2 0.0673999 0.825458 0.0727845 0.103788 0.351702
2 0.244723 0.868365 0.0976347 0.0924807 0.347785
0 0.406495 0.689947 0.0772147 0.0701439 0.34164
2 0.37398 0.811245 0.0929547 0.0952035 0.339249
2 0.953037 0.914493 0.0939263 0.0831619 0.32735
2 0.750915 0.663841 0.0908305 0.0710381 0.293983
0 0.457097 0.374682 0.0898646 0.0972289 0.293765
0 0.870959 0.550072 0.108589 0.0726326 0.281219
2 0.153489 0.944582 0.177923 0.110837 0.260056
