0 0.313367 0.691843 0.203305 0.215498 0.870076
0 0.0974457 0.700575 0.194891 0.222496 0.820366
0 0.556648 0.69696 0.165759 0.179109 0.808338
0 0.74397 0.53719 0.155933 0.16558 0.779834
0 0.466066 0.206765 0.213502 0.161742 0.705392
0 0.900931 0.759807 0.107207 0.105003 0.63593
0 0.513606 0.401773 0.972788 0.224731 0.632052
0 0.0584159 0.971131 0.099997 0.0571041 0.559754
2 0.238586 0.192363 0.21516 0.128281 0.558781
2 0.757322 0.953033 0.122015 0.0939156 0.530183
0 0.244609 0.873288 0.096344 0.139999 0.506123
0 0.464588 0.587531 0.109253 0.08058 0.499356
0 0.240439 0.191423 0.212478 0.127834 0.40041
0 0.75772 0.952415 0.12437 0.0951692 0.333457
2 0.560837 0.697531 0.177123 0.180932 0.30566
2 0.842827 0.462024 0.0506546 0.0575804 0.258527
