0 0.336933 0.648953 0.18248 0.184982 0.867342
0 0.125172 0.65861 0.232838 0.189567 0.832111
0 0.547252 0.65937 0.149545 0.160037 0.792274
0 0.530573 0.410687 0.765549 0.207586 0.709205
0 0.717524 0.882015 0.111269 0.0887306 0.609121
0 0.11123 0.915377 0.0899235 0.0952335 0.507316
0 0.710101 0.519188 0.145542 0.13533 0.374815
0 0.764958 0.967746 0.12254 0.0645079 0.354783
0 0.424547 0.799516 0.093113 0.102634 0.322672
0 0.261266 0.933539 0.137667 0.102485 0.307198
0 0.841188 0.707121 0.0890971 0.0994905 0.274905
