0 0.311992 0.673163 0.199851 0.22659 0.858714
0 0.550742 0.692322 0.166083 0.179157 0.81132
0 0.497583 0.412473 0.939602 0.240692 0.795574
0 0.735736 0.532868 0.154081 0.163378 0.789981
0 0.0994262 0.69488 0.198443 0.217634 0.776327
0 0.889073 0.752606 0.105329 0.0993767 0.735994
0 0.0595022 0.963945 0.101738 0.0706057 0.608045
0 0.726059 0.669044 0.113816 0.124626 0.580747
0 0.461888 0.207793 0.217087 0.162392 0.577241
0 0.831371 0.636429 0.091333 0.083305 0.523642
2 0.236064 0.196654 0.20959 0.120348 0.512451
0 0.238918 0.193504 0.20827 0.122359 0.376557
0 0.243989 0.861718 0.0913172 0.140825 0.376273
2 0.74733 0.946626 0.119976 0.101167 0.358067
0 0.747275 0.944682 0.120648 0.0977402 0.351321
0 0.634431 0.182215 0.15376 0.120773 0.324605
2 0.232531 0.972272 0.155861 0.0554565 0.319776
2 0.687089 0.829615 0.0656776 0.0961306 0.310523
0 0.900582 0.9601 0.094455 0.0780239 0.278778
