0 0.349715 0.709104 0.214577 0.251915 0.851689
0 0.807143 0.554204 0.158729 0.172275 0.829255
0 0.529224 0.410775 0.897683 0.220264 0.823858
0 0.116572 0.724921 0.232368 0.228079 0.813714
0 0.615014 0.725153 0.178841 0.187922 0.788366
0 0.513801 0.205302 0.234405 0.178354 0.77895
0 0.703853 0.176531 0.167931 0.127844 0.621127
0 0.26645 0.191768 0.221121 0.142998 0.578363
2 0.819388 0.972498 0.133784 0.0550035 0.508781
0 0.514294 0.610623 0.116936 0.0870869 0.475139
0 0.460418 0.896596 0.11143 0.113543 0.40091
0 0.625418 0.898084 0.0873222 0.126713 0.326454
2 0.26603 0.192198 0.222819 0.14048 0.284453
0 0.799188 0.694503 0.124984 0.122913 0.274306
0 0.281367 0.909164 0.109258 0.149828 0.269887
