0 0.312115 0.67522 0.20061 0.229609 0.83586
0 0.551322 0.693314 0.165391 0.179207 0.812926
0 0.512956 0.411119 0.971648 0.240768 0.793392
0 0.737535 0.533086 0.155366 0.163737 0.789378
0 0.0992325 0.695577 0.19796 0.218961 0.756908
0 0.890977 0.752855 0.104621 0.0995529 0.706667
2 0.749834 0.9481 0.121688 0.103009 0.627181
0 0.0594613 0.964472 0.101567 0.069453 0.610824
0 0.457927 0.207467 0.22104 0.16264 0.590548
2 0.235826 0.195869 0.20914 0.121571 0.531906
0 0.727801 0.667014 0.112399 0.119234 0.516479
0 0.833326 0.637501 0.0939833 0.0830261 0.483936
2 0.687792 0.831229 0.0654653 0.0974234 0.37691
0 0.24527 0.862745 0.0925557 0.140611 0.308005
0 0.634925 0.182664 0.159707 0.12167 0.296484
0 0.238988 0.192735 0.209042 0.123693 0.289656
2 0.856611 0.880465 0.0937887 0.0897993 0.261298
