0 0.780802 0.533419 0.194966 0.200617 0.834133
0 0.271031 0.748753 0.274411 0.288444 0.668965
2 0.596919 0.0740224 0.192339 0.148045 0.647808
0 0.573202 0.746307 0.217863 0.231383 0.645288
0 0.32232 0.553454 0.112502 0.0950912 0.639543
0 0.508686 0.367375 0.982628 0.276161 0.559374
2 0.761512 0.921348 0.08004 0.123626 0.531722
2 0.57303 0.747234 0.2204 0.232852 0.483585
0 0.434645 0.609689 0.140075 0.100028 0.427876
0 0.622835 0.585248 0.11287 0.0965807 0.415658
0 0.920948 0.664612 0.109517 0.106035 0.412329
0 0.781666 0.712335 0.140121 0.15725 0.3776
2 0.364982 0.106799 0.267081 0.213171 0.325842
