0 0.62811 0.444133 0.177645 0.0953768 0.858815
0 0.649287 0.324671 0.154854 0.118353 0.856164
0 0.813847 0.40526 0.151499 0.0837631 0.850624
0 0.188513 0.520941 0.166607 0.172582 0.841536
0 0.770678 0.287719 0.105023 0.097199 0.786409
0 0.662818 0.729975 0.0988778 0.0834358 0.771419
0 0.334484 0.755294 0.1141 0.10535 0.763065
0 0.684905 0.213872 0.114966 0.0939533 0.729889
0 0.922079 0.316831 0.109383 0.165419 0.681913
0 0.792815 0.506083 0.152509 0.0938047 0.66502
0 0.636188 0.619464 0.0969343 0.0703294 0.607496
0 0.494451 0.504737 0.118926 0.0959894 0.590364
2 0.513205 0.978524 0.149901 0.0426926 0.538388
0 0.407261 0.602516 0.100329 0.0803255 0.475207
0 0.633979 0.539412 0.0954798 0.067534 0.445897
2 0.28729 0.889363 0.101116 0.0953518 0.440453
0 0.163568 0.67959 0.123572 0.148588 0.434805
0 0.915704 0.652446 0.110268 0.088822 0.434673
0 0.285038 0.632017 0.103574 0.0889345 0.41302
0 0.543892 0.784492 0.100518 0.0889086 0.403381
2 0.890777 0.741188 0.0810752 0.0753742 0.347634
2 0.326053 0.967042 0.109556 0.065823 0.331933
0 0.700853 0.934211 0.149088 0.131578 0.32187
0 0.807826 0.194809 0.111181 0.0798183 0.321841
0 0.925531 0.352629 0.0925469 0.0870554 0.307702
2 0.791173 0.68836 0.0970464 0.0709803 0.303923
2 0.11169 0.847444 0.0681239 0.0997517 0.302008
0 0.546054 0.673497 0.0821476 0.067885 0.289379
0 0.524392 0.590514 0.0918482 0.0717393 0.287477
0 0.567812 0.870927 0.104415 0.0703487 0.274542
2 0.208356 0.804735 0.0431023 0.0854306 0.263003
2 0.45607 0.92031 0.0916801 0.0710535 0.254
2 0.701267 0.933671 0.15109 0.132657 0.250437
