0 0.797181 0.523857 0.19434 0.200463 0.811044
0 0.449933 0.60188 0.135718 0.096494 0.7235
0 0.589271 0.736154 0.223738 0.232032 0.704051
0 0.290651 0.740838 0.266164 0.270065 0.696229
2 0.607124 0.071922 0.19456 0.141759 0.606432
0 0.637464 0.579519 0.110751 0.0938936 0.59927
0 0.774243 0.031724 0.143863 0.0633734 0.575592
0 0.496841 0.365786 0.966629 0.280205 0.558864
2 0.636377 0.93507 0.127182 0.12986 0.49113
2 0.782513 0.91644 0.0754883 0.122123 0.43864
0 0.38178 0.103517 0.291377 0.205343 0.437938
0 0.910563 0.417099 0.0836867 0.0746775 0.414346
2 0.379799 0.102783 0.284314 0.204608 0.403542
0 0.938464 0.656407 0.113719 0.103661 0.27462
0 0.335493 0.542243 0.107246 0.0969868 0.267955
0 0.117599 0.208022 0.0857773 0.0559244 0.254328
