0 0.377386 0.655475 0.285956 0.226145 0.859098
0 0.63601 0.651438 0.225448 0.222541 0.841723
0 0.892529 0.659897 0.177293 0.189441 0.78737
0 0.775602 0.132879 0.22947 0.174743 0.758558
0 0.73533 0.362472 0.520135 0.258233 0.720441
0 0.129133 0.851787 0.0939762 0.0889082 0.543993
0 0.17787 0.629948 0.115094 0.113008 0.540602
0 0.316343 0.112797 0.149316 0.118198 0.430635
0 0.246257 0.941519 0.108879 0.10519 0.414396
0 0.107442 0.949344 0.116584 0.0944134 0.354985
0 0.146577 0.755561 0.0691224 0.0814371 0.288289
2 0.943439 0.960359 0.110331 0.0792828 0.280556
