0 0.69794 0.61797 0.282715 0.221455 0.882989
0 0.349702 0.556569 0.0997842 0.0877937 0.834684
0 0.495139 0.589472 0.113248 0.112214 0.799713
0 0.207231 0.694391 0.154946 0.0984318 0.743847
0 0.341161 0.673618 0.101437 0.0875144 0.73924
0 0.460062 0.806708 0.101453 0.0907456 0.719996
0 0.549939 0.423355 0.2064 0.194748 0.672504
0 0.211539 0.589771 0.0792786 0.0687333 0.634066
0 0.11081 0.561122 0.0924589 0.082048 0.601695
0 0.319563 0.771209 0.110934 0.0865492 0.591033
0 0.156273 0.360931 0.134006 0.103571 0.582032
0 0.130952 0.225123 0.10818 0.074915 0.573045
0 0.0665011 0.649748 0.112365 0.0763185 0.542058
0 0.474897 0.713754 0.0637273 0.0757206 0.495269
0 0.454907 0.905018 0.113176 0.0931089 0.485707
0 0.304311 0.861374 0.0855187 0.0764366 0.452866
0 0.927318 0.615977 0.145364 0.229799 0.451832
0 0.148918 0.892732 0.0977783 0.138392 0.446274
2 0.311602 0.953174 0.185178 0.0936529 0.442697
0 0.613909 0.418637 0.347059 0.196946 0.39911
0 0.145156 0.466991 0.0983706 0.0766438 0.3388
0 0.30902 0.953484 0.18093 0.0921551 0.303396
0 0.907394 0.801278 0.108953 0.144924 0.293481
0 0.161142 0.788333 0.0800641 0.0652147 0.291418
0 0.582383 0.898443 0.101733 0.107611 0.264928
0 0.891713 0.270686 0.202656 0.160904 0.258432
0 0.762296 0.782068 0.0798998 0.0984711 0.251167
