0 0.691882 0.73624 0.22986 0.237087 0.874833
0 0.540982 0.364748 0.894297 0.30003 0.838713
0 0.899923 0.523475 0.189464 0.214157 0.751286
0 0.118329 0.750452 0.234154 0.280378 0.749552
0 0.485075 0.0995611 0.287609 0.198088 0.703471
0 0.38487 0.737767 0.268627 0.275775 0.66251
0 0.134353 0.584231 0.0987141 0.0930984 0.621238
0 0.182445 0.082518 0.270834 0.16343 0.616374
0 0.550208 0.595749 0.139022 0.0951612 0.60503
0 0.0443524 0.473575 0.0880552 0.0802233 0.587766
0 0.439817 0.537388 0.106628 0.087726 0.575257
0 0.902937 0.699074 0.149259 0.144504 0.496816
0 0.74162 0.578202 0.126829 0.088903 0.48375
2 0.718602 0.0654128 0.186942 0.130826 0.421873
2 0.903354 0.0303797 0.166947 0.0587706 0.367394
0 0.527166 0.93889 0.12264 0.119529 0.298305
