0 0.138322 0.727883 0.273286 0.261378 0.853721
0 0.560313 0.374993 0.828172 0.27885 0.834087
0 0.698539 0.716026 0.212237 0.215395 0.831294
0 0.892785 0.521912 0.18077 0.189367 0.815608
0 0.414872 0.71461 0.254335 0.257972 0.815173
0 0.465804 0.532623 0.102106 0.0835783 0.739173
0 0.564528 0.588824 0.124419 0.0940374 0.713473
0 0.510778 0.123281 0.251384 0.187741 0.671951
0 0.185034 0.575284 0.0958861 0.0827948 0.670926
0 0.234296 0.113366 0.244372 0.160277 0.609236
0 0.314169 0.512093 0.0766457 0.0757719 0.526999
0 0.741427 0.570933 0.114913 0.0822649 0.493964
0 0.898493 0.680505 0.142658 0.137615 0.461894
0 0.0986623 0.47427 0.0949428 0.0739157 0.412508
0 0.725133 0.913423 0.103266 0.148169 0.405693
0 0.899424 0.660501 0.156268 0.18031 0.355736
0 0.353134 0.913472 0.105757 0.138898 0.349464
2 0.871548 0.883998 0.0691571 0.110739 0.344374
2 0.723294 0.0953193 0.177978 0.151661 0.339377
2 0.939284 0.978516 0.121432 0.0424908 0.297677
0 0.909154 0.0506663 0.176517 0.0983523 0.25929
2 0.546987 0.922583 0.122109 0.150812 0.252134
