0 0.545793 0.361744 0.883681 0.307113 0.845932
0 0.677824 0.732139 0.22388 0.236911 0.8408
0 0.890373 0.519798 0.195633 0.210429 0.765306
0 0.119178 0.744787 0.226757 0.278776 0.745824
0 0.537702 0.592716 0.135676 0.0970129 0.708622
0 0.465543 0.0983334 0.298964 0.195584 0.705051
0 0.374572 0.73361 0.264773 0.273794 0.672577
0 0.4259 0.535576 0.110628 0.0896158 0.657857
0 0.121209 0.583263 0.105717 0.0905391 0.603756
0 0.731315 0.57725 0.123358 0.097193 0.583607
0 0.880843 0.029234 0.141891 0.0584679 0.531034
2 0.871634 0.913718 0.0734704 0.124278 0.492794
2 0.719329 0.933023 0.119699 0.133954 0.492324
0 0.702786 0.0652765 0.190266 0.130317 0.467568
0 0.17149 0.0824495 0.27379 0.163233 0.465521
0 0.89716 0.695597 0.159031 0.145046 0.421788
0 0.264001 0.507899 0.0798503 0.0711893 0.316669
0 0.897945 0.11967 0.195656 0.110931 0.297777
0 0.904745 0.596554 0.190509 0.365704 0.254391
2 0.308714 0.936085 0.125454 0.12783 0.251326
0 0.209736 0.197971 0.0858979 0.0578247 0.250639
