0 0.617832 0.726666 0.21507 0.229934 0.804643
0 0.832187 0.513503 0.201395 0.20448 0.774265
0 0.507337 0.360797 0.924654 0.296256 0.772887
0 0.365799 0.535022 0.111618 0.0946924 0.70006
0 0.321854 0.73086 0.274805 0.273064 0.674393
0 0.480481 0.591077 0.141253 0.100772 0.62133
2 0.63986 0.0639043 0.18778 0.127809 0.522726
2 0.410426 0.0976093 0.275645 0.193598 0.468316
0 0.670446 0.570933 0.117899 0.0927751 0.445917
2 0.810914 0.906152 0.0857222 0.118484 0.410349
0 0.0630219 0.58522 0.11042 0.0921074 0.360968
0 0.829312 0.689267 0.143221 0.145474 0.345951
0 0.943732 0.409577 0.0865061 0.0724406 0.323241
0 0.406888 0.0999811 0.300719 0.198306 0.322075
