0 0.693989 0.620584 0.281926 0.22395 0.830177
0 0.348948 0.561748 0.0949967 0.0897941 0.565546
0 0.547912 0.42824 0.194355 0.19774 0.55483
0 0.490498 0.594991 0.118707 0.120465 0.549978
0 0.126984 0.230083 0.105552 0.077423 0.49976
2 0.303049 0.956665 0.191428 0.0864748 0.473724
0 0.335264 0.679085 0.101587 0.0886887 0.444849
2 0.310309 0.262993 0.189321 0.148211 0.431805
0 0.456379 0.813003 0.0974263 0.0927017 0.416551
0 0.20757 0.597958 0.078539 0.0809731 0.349991
0 0.154859 0.367107 0.134035 0.108933 0.304471
0 0.814332 0.0766379 0.224886 0.135907 0.26068
