0 0.342747 0.640585 0.173472 0.183003 0.868452
0 0.127656 0.652707 0.225711 0.181564 0.836041
0 0.545688 0.653928 0.146007 0.153028 0.833129
0 0.70506 0.866261 0.100995 0.088509 0.5464
0 0.698052 0.516616 0.135476 0.130782 0.433844
0 0.127056 0.895919 0.0875077 0.0882748 0.422263
0 0.826005 0.702627 0.0879161 0.0849726 0.406024
0 0.0662436 0.971159 0.121979 0.0572952 0.395151
0 0.490778 0.365314 0.886705 0.306679 0.334046
0 0.426743 0.787025 0.0863485 0.0988298 0.292267
2 0.199671 0.976442 0.0888768 0.045787 0.253221
