0 0.327471 0.656325 0.188666 0.192257 0.893123
0 0.116507 0.665116 0.225072 0.198641 0.854325
0 0.547062 0.666471 0.155946 0.166856 0.815563
0 0.0985747 0.93676 0.0981093 0.104494 0.6642
0 0.716628 0.522683 0.147252 0.142174 0.662548
0 0.517181 0.40854 0.797219 0.2058 0.597486
0 0.854707 0.72027 0.0991845 0.102534 0.565403
0 0.415193 0.811582 0.0947088 0.104064 0.488963
0 0.726883 0.899864 0.109238 0.0923386 0.483096
0 0.252574 0.947022 0.144253 0.10339 0.360355
0 0.267418 0.821701 0.0892651 0.126826 0.334753
0 0.773343 0.978252 0.126672 0.0434956 0.325089
