0 0.692477 0.660728 0.177458 0.188264 0.86106
0 0.193754 0.669428 0.272796 0.22256 0.831865
0 0.444148 0.659469 0.221589 0.219487 0.830051
0 0.594131 0.365947 0.734151 0.250722 0.755072
0 0.868573 0.494125 0.158552 0.170167 0.725549
0 0.919142 0.925315 0.120555 0.107081 0.62114
0 0.0876612 0.127058 0.150782 0.117356 0.607013
0 0.869578 0.635853 0.127823 0.131919 0.491823
0 0.598292 0.963655 0.141981 0.072691 0.488569
2 0.724705 0.119525 0.162148 0.1245 0.336254
0 0.760284 0.957624 0.113814 0.0843063 0.321963
2 0.547634 0.147495 0.228463 0.16938 0.321816
0 0.546232 0.149286 0.234569 0.17038 0.315879
0 0.0697901 0.950853 0.106922 0.0982934 0.27222
