0 0.129607 0.745328 0.251505 0.270361 0.849905
0 0.6979 0.731191 0.219792 0.231134 0.848943
0 0.566337 0.371379 0.851799 0.28988 0.818519
0 0.560292 0.595179 0.132525 0.0977009 0.770014
0 0.901569 0.524531 0.182993 0.202373 0.751111
0 0.15857 0.584236 0.108381 0.0879433 0.737735
0 0.401445 0.728535 0.267184 0.273635 0.730567
0 0.502408 0.105351 0.268921 0.201798 0.704027
0 0.454174 0.539691 0.108878 0.0906067 0.671093
0 0.290929 0.508228 0.0779526 0.064901 0.631111
2 0.733065 0.0746615 0.19664 0.14846 0.623465
0 0.746424 0.577975 0.120753 0.0875185 0.550178
2 0.886407 0.907594 0.0785678 0.116059 0.539304
0 0.904373 0.695966 0.145483 0.139833 0.534374
0 0.0605036 0.275685 0.0942595 0.0910566 0.496165
0 0.0614673 0.475642 0.113473 0.079822 0.483319
0 0.908194 0.137259 0.183611 0.112807 0.392043
2 0.539896 0.934202 0.122031 0.130222 0.377952
0 0.792958 0.244746 0.124217 0.10694 0.360834
2 0.739263 0.929717 0.116467 0.140565 0.32664
