0 0.584732 0.716856 0.170695 0.184085 0.849437
0 0.775408 0.547257 0.157581 0.164185 0.846985
0 0.336139 0.707295 0.211459 0.230463 0.843862
0 0.503247 0.422696 0.895717 0.245858 0.829224
0 0.106371 0.717364 0.208917 0.225965 0.827857
0 0.879224 0.659489 0.100475 0.0862202 0.778029
0 0.938469 0.784363 0.111592 0.112344 0.599716
0 0.592387 0.886945 0.100222 0.127738 0.562662
0 0.769036 0.689701 0.123445 0.118721 0.518314
0 0.492855 0.602646 0.112088 0.0818776 0.512712
2 0.266519 0.892751 0.0934655 0.141615 0.431435
0 0.434989 0.883192 0.102323 0.110965 0.429416
0 0.492954 0.206757 0.217845 0.162219 0.400956
0 0.642453 0.593933 0.0982861 0.0658653 0.371176
2 0.788913 0.965359 0.133609 0.0692827 0.327504
0 0.255885 0.195801 0.213208 0.134152 0.3001
0 0.406958 0.555239 0.0879766 0.0801502 0.274504
