0 0.800363 0.556198 0.164047 0.165366 0.865801
0 0.35021 0.712374 0.215867 0.229961 0.856601
0 0.115746 0.722109 0.231493 0.22626 0.843811
0 0.611145 0.726289 0.191844 0.191446 0.823967
0 0.510072 0.412985 0.925207 0.220873 0.799487
0 0.952742 0.790241 0.0945167 0.111357 0.599455
2 0.271849 0.217357 0.215602 0.0907137 0.59462
0 0.452796 0.892677 0.0982776 0.118074 0.554354
0 0.619948 0.895843 0.0941227 0.126626 0.539581
0 0.902669 0.666453 0.100909 0.089344 0.526973
2 0.697352 0.180509 0.157979 0.119273 0.509977
0 0.931245 0.926858 0.0904806 0.0950062 0.504779
0 0.787635 0.695134 0.121579 0.124659 0.467499
0 0.510335 0.607475 0.114588 0.0792202 0.395555
0 0.278891 0.905515 0.108956 0.149541 0.379796
0 0.513923 0.210086 0.229032 0.16878 0.311367
2 0.274606 0.195859 0.215807 0.134209 0.254289
0 0.807583 0.971294 0.125975 0.0574116 0.253197
0 0.0683791 0.18629 0.132409 0.126166 0.251748
