0 0.22246 0.705035 0.21234 0.247576 0.866072
0 0.676066 0.54864 0.163158 0.176525 0.838019
0 0.484745 0.716546 0.178633 0.187318 0.836653
0 0.842017 0.779825 0.109755 0.103726 0.64704
2 0.69216 0.967233 0.132957 0.0655336 0.624736
0 0.497115 0.415802 0.908856 0.246458 0.62341
0 0.383496 0.201249 0.22347 0.170449 0.521306
2 0.135246 0.190013 0.225403 0.135425 0.454925
2 0.580855 0.168002 0.171815 0.118528 0.437422
0 0.33003 0.897386 0.106666 0.129122 0.419359
0 0.901192 0.625929 0.0947501 0.0751444 0.397417
0 0.666803 0.687512 0.122125 0.119257 0.385314
0 0.151221 0.903778 0.111439 0.145939 0.38391
0 0.298292 0.553899 0.0873604 0.0751236 0.35483
0 0.785724 0.655084 0.0958991 0.0924557 0.345909
0 0.166133 0.530689 0.06265 0.056263 0.340773
0 0.386413 0.604236 0.109633 0.0820578 0.339793
2 0.0653489 0.508542 0.0383759 0.042935 0.309201
2 0.784125 0.466638 0.059691 0.0543886 0.261341
