0 0.325512 0.659513 0.186949 0.19544 0.891968
0 0.547535 0.669242 0.159932 0.168496 0.829373
0 0.116088 0.668278 0.227274 0.203531 0.823478
0 0.0931012 0.939422 0.0924015 0.106154 0.692793
0 0.856715 0.723248 0.102067 0.0911819 0.648521
0 0.72732 0.903822 0.110681 0.0957512 0.580491
0 0.25042 0.952168 0.142828 0.0956649 0.549336
0 0.528212 0.407582 0.82027 0.208104 0.545129
0 0.71842 0.524005 0.148821 0.14259 0.502541
0 0.77579 0.980593 0.125791 0.0387848 0.370033
0 0.413249 0.815842 0.0932151 0.104683 0.305782
0 0.266666 0.823661 0.0889164 0.126307 0.283964
