0 0.675095 0.458055 0.177109 0.0942057 0.850942
0 0.236588 0.534375 0.169127 0.168938 0.835689
0 0.859021 0.419045 0.158015 0.0832138 0.789058
0 0.696634 0.338802 0.152384 0.115423 0.716997
0 0.713821 0.745572 0.104436 0.0813957 0.602865
0 0.383523 0.769153 0.109804 0.107015 0.584919
0 0.838342 0.520944 0.149862 0.0960426 0.530377
0 0.729434 0.229414 0.118339 0.0913134 0.454571
0 0.540898 0.518439 0.115821 0.0978906 0.438556
0 0.340131 0.644675 0.0889803 0.0859747 0.410486
0 0.594168 0.799835 0.0983064 0.0860287 0.389771
0 0.683376 0.636342 0.0870105 0.0691509 0.381734
2 0.85106 0.203678 0.105589 0.0957066 0.356033
0 0.214184 0.679941 0.12302 0.1252 0.33916
0 0.455639 0.618411 0.0993895 0.0801264 0.326267
0 0.822499 0.303628 0.0977492 0.0941542 0.296141
