0 0.551339 0.365048 0.874544 0.300417 0.818223
0 0.659518 0.72587 0.216239 0.226713 0.797264
0 0.355629 0.727003 0.275686 0.279368 0.713945
0 0.408403 0.533561 0.111182 0.0947735 0.648963
0 0.876471 0.512165 0.205311 0.201987 0.582775
2 0.849693 0.90827 0.078116 0.120457 0.548123
2 0.451715 0.0966676 0.27882 0.192327 0.5178
0 0.880281 0.116512 0.19843 0.118031 0.489909
2 0.684641 0.0655651 0.191371 0.13113 0.472589
0 0.518576 0.592075 0.13785 0.0954248 0.464391
0 0.147793 0.0795883 0.270687 0.156772 0.463297
0 0.870627 0.690768 0.142241 0.145191 0.452743
0 0.0999048 0.743383 0.189569 0.279934 0.417247
0 0.450949 0.0981895 0.298077 0.194789 0.308947
2 0.700233 0.92996 0.116564 0.14008 0.292541
0 0.708132 0.576142 0.117393 0.0819485 0.284883
2 0.957778 0.855289 0.0709411 0.096804 0.257881
