0 0.349556 0.71156 0.214238 0.246598 0.853166
0 0.806182 0.554995 0.159614 0.172087 0.841094
0 0.508806 0.417267 0.907999 0.233278 0.836836
0 0.115715 0.725101 0.23124 0.228806 0.833271
0 0.615234 0.726922 0.189852 0.191739 0.789692
0 0.511169 0.20565 0.234123 0.177603 0.684168
0 0.703578 0.175791 0.17238 0.12653 0.490041
0 0.26658 0.191423 0.219803 0.141207 0.470402
0 0.513587 0.610169 0.117579 0.0871513 0.463085
0 0.459604 0.896386 0.111039 0.114057 0.462526
2 0.8167 0.972483 0.140048 0.0550335 0.459324
0 0.797235 0.694159 0.123723 0.121801 0.401134
0 0.624622 0.898155 0.0882515 0.126754 0.361085
2 0.2652 0.193947 0.221839 0.133428 0.300693
0 0.281164 0.909299 0.111065 0.150346 0.279399
0 0.915399 0.667361 0.0895205 0.087361 0.2527
