0 0.501655 0.717991 0.173889 0.187761 0.858158
0 0.245833 0.706904 0.219986 0.249199 0.824021
0 0.85962 0.780675 0.111264 0.106951 0.772909
0 0.697832 0.549714 0.154298 0.175851 0.756895
0 0.398641 0.200759 0.2166 0.169539 0.561829
0 0.686828 0.687802 0.120719 0.116036 0.561426
0 0.405926 0.411559 0.709596 0.233438 0.507315
0 0.586937 0.169667 0.156736 0.121564 0.45091
0 0.40655 0.604815 0.111821 0.079586 0.446144
0 0.317474 0.55581 0.086489 0.077558 0.403685
0 0.516255 0.893368 0.0933501 0.127533 0.314021
2 0.351415 0.892962 0.0967787 0.118439 0.266914
2 0.714933 0.967756 0.127322 0.0644871 0.262462
