0 0.620965 0.441925 0.170769 0.094628 0.889708
0 0.179001 0.517451 0.170235 0.170421 0.862475
0 0.638923 0.320964 0.153871 0.118585 0.856247
0 0.805905 0.402078 0.152915 0.0848034 0.848678
0 0.679325 0.211559 0.112436 0.0948699 0.809159
0 0.324025 0.750196 0.108465 0.106692 0.776316
0 0.156485 0.670607 0.122689 0.134781 0.660136
0 0.769426 0.28227 0.103274 0.0943413 0.646495
0 0.653728 0.726666 0.104051 0.0836931 0.617499
0 0.909369 0.3144 0.113857 0.163713 0.613901
2 0.510727 0.976431 0.157111 0.0469292 0.594837
0 0.783697 0.502606 0.151645 0.09286 0.586502
0 0.404961 0.830318 0.0882156 0.0927811 0.525844
0 0.277084 0.630148 0.0973465 0.0890866 0.513291
0 0.533912 0.780042 0.0877405 0.0880974 0.490294
0 0.691546 0.932078 0.145813 0.135135 0.488905
0 0.48561 0.498298 0.123 0.0919885 0.463477
0 0.435911 0.172612 0.120626 0.091529 0.442258
0 0.623899 0.614948 0.0912083 0.065353 0.416366
2 0.884711 0.739896 0.0838464 0.0768133 0.370368
2 0.277302 0.883845 0.100408 0.093709 0.355655
0 0.623922 0.535051 0.0931703 0.069835 0.340924
2 0.9229 0.173082 0.150502 0.0919016 0.339911
2 0.320566 0.966089 0.1002 0.067654 0.337422
0 0.783786 0.686666 0.104181 0.0773512 0.331007
0 0.399541 0.598147 0.0922101 0.0786062 0.327279
0 0.799296 0.1908 0.110563 0.0807458 0.310507
0 0.438847 0.707051 0.0777071 0.0728689 0.296243
2 0.906351 0.649288 0.105823 0.0836888 0.262201
2 0.802755 0.877918 0.110486 0.0852024 0.259079
2 0.853411 0.956478 0.131622 0.0870443 0.25437
