0 0.593351 0.389301 0.175971 0.0966537 0.888562
0 0.780358 0.345656 0.147338 0.0826769 0.816549
0 0.147242 0.464573 0.166555 0.172625 0.812857
0 0.612275 0.267372 0.157912 0.121223 0.783663
0 0.751709 0.448263 0.148648 0.0927868 0.766256
0 0.883797 0.257215 0.104371 0.171928 0.741926
0 0.654654 0.156146 0.108104 0.09239 0.703958
2 0.477481 0.947276 0.210611 0.105449 0.703017
0 0.59569 0.562831 0.0937183 0.0708048 0.654814
0 0.74005 0.227048 0.106921 0.0965388 0.65128
0 0.879036 0.593115 0.117461 0.0859102 0.641595
0 0.453321 0.444907 0.115656 0.0984633 0.639213
0 0.292809 0.697816 0.109426 0.108652 0.613458
0 0.368902 0.544577 0.0992238 0.0763322 0.583555
0 0.626027 0.672709 0.104854 0.0828728 0.581806
2 0.427747 0.94596 0.313605 0.108079 0.581449
0 0.249628 0.575114 0.0947766 0.0897354 0.576825
2 0.222132 0.136087 0.168143 0.093901 0.538258
0 0.405882 0.652548 0.0745541 0.0742931 0.4908
2 0.87404 0.510449 0.111217 0.0682092 0.473725
0 0.86879 0.410679 0.0910809 0.0648663 0.46314
2 0.415108 0.865545 0.0886763 0.0698368 0.460191
0 0.12306 0.619253 0.120319 0.138574 0.439233
0 0.762313 0.540462 0.0787259 0.0835618 0.421291
2 0.245677 0.829488 0.0982313 0.0897362 0.417976
0 0.592605 0.478007 0.0944304 0.0689489 0.399087
2 0.707175 0.984534 0.145061 0.0309324 0.373601
2 0.48166 0.255405 0.0564227 0.0310737 0.358508
2 0.376506 0.776794 0.095912 0.0927529 0.354717
0 0.890399 0.2932 0.0958113 0.0898199 0.338168
2 0.835733 0.906778 0.110486 0.101591 0.326791
0 0.503873 0.7273 0.0990879 0.0882505 0.320948
2 0.737622 0.983701 0.175507 0.032501 0.303146
0 0.45629 0.336374 0.0962984 0.104811 0.298376
2 0.772951 0.132478 0.111328 0.086652 0.292454
2 0.849903 0.683657 0.078045 0.0803764 0.289262
0 0.506723 0.617159 0.0799838 0.0751337 0.288736
2 0.291725 0.929585 0.102557 0.101242 0.283154
2 0.487054 0.187804 0.128311 0.0855117 0.279051
2 0.168574 0.747471 0.0469531 0.0851603 0.269969
