0 0.205579 0.525089 0.172673 0.170836 0.832263
0 0.662672 0.33167 0.15292 0.118314 0.810936
0 0.644225 0.450813 0.174138 0.0912954 0.806295
0 0.83039 0.411553 0.148549 0.084519 0.760793
0 0.80582 0.513258 0.149823 0.0950618 0.682215
0 0.677806 0.738131 0.107192 0.087274 0.600531
0 0.704854 0.220549 0.115709 0.0906665 0.590654
0 0.64793 0.625855 0.084503 0.0707034 0.562084
0 0.79438 0.295076 0.0943093 0.0940717 0.538447
2 0.584924 0.876848 0.111973 0.0709858 0.486286
2 0.307787 0.891887 0.0970167 0.0874123 0.45234
2 0.762848 0.922885 0.242288 0.151126 0.408711
2 0.938325 0.656821 0.116302 0.0923321 0.377064
2 0.7959 0.888929 0.176576 0.087196 0.352773
0 0.506104 0.5091 0.129259 0.100558 0.350691
2 0.797701 0.914365 0.172522 0.135179 0.306819
2 0.824713 0.2186 0.104312 0.045793 0.293984
2 0.724129 0.933582 0.158887 0.132554 0.276514
2 0.888798 0.965055 0.129138 0.0698908 0.259946
