0 0.138073 0.472491 0.167417 0.174998 0.863819
0 0.579936 0.394111 0.177675 0.0986642 0.843959
0 0.770213 0.353063 0.143536 0.0869938 0.803422
0 0.283271 0.704126 0.110784 0.107322 0.726714
0 0.643128 0.162358 0.113957 0.0961143 0.690494
0 0.603602 0.274102 0.154383 0.122729 0.682985
0 0.113418 0.629205 0.124153 0.145395 0.671307
0 0.871365 0.265743 0.107314 0.168131 0.604306
0 0.586358 0.570464 0.0982492 0.0698317 0.583489
2 0.843489 0.692595 0.0784037 0.077741 0.581547
0 0.615479 0.679319 0.0989384 0.085187 0.579362
2 0.856436 0.127322 0.215785 0.0976639 0.573901
0 0.743918 0.455362 0.151057 0.0937473 0.568342
0 0.237528 0.583599 0.0986341 0.0872669 0.554572
0 0.448326 0.455823 0.121351 0.0992423 0.547469
0 0.358664 0.551975 0.0933406 0.0802974 0.544348
2 0.806382 0.131952 0.203139 0.0977499 0.511771
2 0.236468 0.836356 0.0987589 0.0931181 0.50704
0 0.731128 0.233988 0.0991011 0.0975233 0.506352
2 0.457828 0.951891 0.241793 0.0962183 0.504523
2 0.946179 0.880907 0.0974371 0.0785271 0.468108
2 0.769903 0.13195 0.125326 0.099081 0.457702
2 0.0617243 0.796774 0.0698102 0.0997879 0.449353
2 0.159444 0.753455 0.0439727 0.0841993 0.445135
2 0.821759 0.915203 0.12101 0.0981462 0.44315
0 0.882685 0.300776 0.0911416 0.0887298 0.436423
2 0.647789 0.884287 0.151542 0.1341 0.430496
2 0.399383 0.120558 0.128587 0.0938506 0.397894
2 0.867113 0.517657 0.111286 0.0696919 0.390358
2 0.399684 0.951204 0.356602 0.0975917 0.380309
2 0.703515 0.987477 0.123616 0.0242748 0.367129
0 0.584645 0.488051 0.0926559 0.0666067 0.365116
2 0.760834 0.82961 0.110702 0.0850658 0.352315
2 0.884696 0.787085 0.0822542 0.109903 0.343954
0 0.397258 0.660893 0.0803011 0.0701448 0.33445
0 0.861855 0.417524 0.0953334 0.0643526 0.326847
2 0.887796 0.123687 0.151475 0.0931711 0.325533
2 0.367982 0.782704 0.0921827 0.0955143 0.323129
2 0.870507 0.533128 0.0999576 0.0980234 0.319139
0 0.495007 0.622881 0.0758448 0.0690273 0.30381
0 0.866156 0.599798 0.109774 0.0907358 0.271481
0 0.213351 0.14372 0.168728 0.0961938 0.253909
