0 0.351889 0.715659 0.21644 0.228139 0.850495
0 0.807985 0.555688 0.159879 0.170405 0.848381
0 0.511264 0.416559 0.920377 0.241271 0.841908
0 0.116085 0.724938 0.23217 0.231852 0.802254
0 0.614864 0.726628 0.178182 0.190074 0.773232
0 0.515696 0.206191 0.229731 0.176858 0.742117
0 0.514234 0.610306 0.116273 0.086577 0.54836
0 0.270208 0.190392 0.220082 0.141267 0.494193
0 0.45884 0.898075 0.10723 0.115181 0.467522
0 0.917761 0.668344 0.0915845 0.0887743 0.46253
2 0.819106 0.972616 0.132566 0.0547685 0.386736
0 0.799692 0.694866 0.125153 0.122287 0.330153
0 0.624852 0.899763 0.0865892 0.128489 0.289047
0 0.280904 0.909181 0.108365 0.150071 0.250254
