0 0.643223 0.640581 0.286417 0.223236 0.830172
0 0.890474 0.634202 0.204309 0.222312 0.79439
0 0.146273 0.71562 0.155169 0.0980213 0.705508
0 0.282186 0.697486 0.10273 0.0907383 0.61203
0 0.434443 0.615993 0.115169 0.118335 0.597932
0 0.496547 0.447949 0.206462 0.189372 0.542845
0 0.399284 0.829465 0.0933701 0.0890545 0.529782
0 0.290279 0.579454 0.0971989 0.0866861 0.518739
0 0.153664 0.615025 0.0813479 0.0701299 0.468491
0 0.521815 0.922313 0.109121 0.108504 0.366368
2 0.715118 0.42374 0.041766 0.0464573 0.356032
0 0.544993 0.0926109 0.152997 0.118832 0.321443
0 0.23966 0.88483 0.0920721 0.0775352 0.281164
2 0.631429 0.416928 0.091137 0.0619411 0.272734
0 0.253437 0.792361 0.119549 0.0880793 0.26733
2 0.245141 0.965273 0.177022 0.0686148 0.264405
