0 0.311395 0.686644 0.201585 0.214727 0.872547
0 0.55262 0.694922 0.167629 0.180253 0.837723
0 0.741851 0.532892 0.159583 0.165494 0.817205
0 0.0961285 0.69933 0.19222 0.222097 0.803976
0 0.456851 0.406949 0.853805 0.235993 0.736898
0 0.894961 0.757101 0.107598 0.103832 0.695
2 0.754539 0.9518 0.123454 0.096401 0.640102
0 0.464971 0.206679 0.213521 0.162134 0.601513
2 0.239034 0.192246 0.21702 0.12834 0.472508
0 0.242368 0.86828 0.0984634 0.139877 0.467026
0 0.462712 0.58455 0.10666 0.0741953 0.451141
0 0.903567 0.963842 0.0961731 0.0709499 0.438527
0 0.240896 0.191424 0.213833 0.127598 0.405727
0 0.733504 0.679583 0.121398 0.146244 0.341897
0 0.0573461 0.96894 0.101538 0.0621063 0.339507
0 0.839191 0.638494 0.0939779 0.0798296 0.281826
0 0.411209 0.856799 0.0981094 0.107107 0.279775
