0 0.79385 0.553091 0.162152 0.168684 0.886304
0 0.344708 0.71852 0.219579 0.223408 0.838679
0 0.106175 0.726055 0.211003 0.226171 0.80201
0 0.604814 0.726682 0.187707 0.193068 0.785844
0 0.49613 0.206224 0.221077 0.174043 0.781737
0 0.461722 0.409656 0.719392 0.218287 0.762656
0 0.683547 0.17659 0.161325 0.126133 0.749903
0 0.95267 0.789863 0.0946594 0.111004 0.542127
0 0.902245 0.664561 0.100015 0.0890871 0.419247
0 0.788072 0.701916 0.123946 0.136827 0.359577
0 0.415511 0.55986 0.0949009 0.0714021 0.336663
2 0.808273 0.972663 0.13702 0.0546749 0.335913
0 0.844402 0.230272 0.161582 0.0921385 0.256988
