0 0.352412 0.715773 0.216404 0.227655 0.869714
0 0.808193 0.554894 0.158886 0.17084 0.844333
0 0.508097 0.416 0.913992 0.239001 0.837658
0 0.116348 0.723646 0.232695 0.229173 0.80973
0 0.614579 0.727934 0.181685 0.192215 0.803276
0 0.514762 0.206031 0.229485 0.177395 0.760794
0 0.513401 0.606593 0.117241 0.0833599 0.598764
0 0.269271 0.190736 0.220094 0.141216 0.549196
0 0.459583 0.89744 0.110291 0.114663 0.430752
0 0.702962 0.173854 0.1665 0.125634 0.411858
0 0.799423 0.69714 0.124776 0.127318 0.396888
0 0.91704 0.66829 0.0904636 0.0896319 0.387621
2 0.820032 0.97257 0.130246 0.0548594 0.381649
0 0.0661868 0.183148 0.129066 0.127518 0.360379
0 0.626065 0.900063 0.0860097 0.129165 0.35383
0 0.281435 0.909164 0.109396 0.150127 0.292136
0 0.82487 0.97346 0.126518 0.0530807 0.262674
