0 0.580178 0.413175 0.17542 0.0947026 0.863723
0 0.137356 0.487941 0.168307 0.174133 0.845544
0 0.766991 0.370526 0.146406 0.0845761 0.815019
0 0.725297 0.252925 0.107639 0.0959705 0.740317
0 0.281217 0.721331 0.107726 0.107129 0.732578
0 0.600059 0.291615 0.152643 0.121143 0.719537
2 0.480899 0.960577 0.22926 0.0781151 0.709466
0 0.639137 0.179884 0.11411 0.0967352 0.688957
0 0.612788 0.696182 0.101851 0.0846434 0.675502
0 0.871443 0.284829 0.102823 0.163486 0.639822
0 0.235343 0.60006 0.100816 0.0864088 0.629292
0 0.112498 0.637802 0.122082 0.128991 0.616884
2 0.882903 0.140681 0.168595 0.0978142 0.603242
0 0.739721 0.472439 0.149041 0.0941059 0.553105
2 0.46929 0.21344 0.12691 0.0816365 0.521944
2 0.763772 0.149845 0.11655 0.0956963 0.520078
2 0.511544 0.959749 0.3246 0.0793493 0.51871
2 0.819484 0.933146 0.121796 0.0990963 0.511689
2 0.235792 0.852746 0.0972361 0.0876595 0.494948
0 0.491438 0.750863 0.0919396 0.0847116 0.484036
2 0.94433 0.899441 0.102849 0.080809 0.482812
2 0.133482 0.939534 0.200155 0.120931 0.466379
2 0.399109 0.958841 0.380038 0.0823172 0.450888
0 0.583158 0.503102 0.0916887 0.0679096 0.44424
0 0.584704 0.587631 0.0993956 0.0669079 0.432132
2 0.840899 0.550985 0.144787 0.101366 0.422073
0 0.866635 0.61658 0.115511 0.0890598 0.418003
2 0.84042 0.144189 0.255806 0.103115 0.412939
0 0.879056 0.318004 0.091332 0.087874 0.393931
0 0.335231 0.224634 0.092239 0.0713445 0.373628
0 0.357871 0.569981 0.0939816 0.0782194 0.360452
0 0.443623 0.468231 0.123788 0.0977627 0.347385
2 0.324818 0.471252 0.087215 0.114242 0.341972
0 0.395115 0.674303 0.0789433 0.0750864 0.3135
2 0.209921 0.160602 0.163912 0.0947248 0.308604
2 0.277919 0.949001 0.0951545 0.0937378 0.29984
2 0.879087 0.805189 0.0743318 0.106544 0.29438
2 0.840812 0.707097 0.0850118 0.0801922 0.290176
2 0.372911 0.282021 0.059542 0.0365269 0.279208
2 0.402092 0.8877 0.0858103 0.0721067 0.277659
0 0.860049 0.43455 0.0952737 0.0618726 0.262743
2 0.755393 0.846464 0.116991 0.0825502 0.256022
