0 0.121548 0.662161 0.226725 0.193924 0.874035
0 0.332868 0.653242 0.189107 0.191365 0.846658
0 0.546674 0.664442 0.153762 0.166706 0.776611
0 0.105036 0.926688 0.0949509 0.104322 0.654625
0 0.521249 0.409103 0.777274 0.207286 0.609589
0 0.41833 0.808343 0.0959151 0.10547 0.501255
0 0.253677 0.943654 0.145525 0.106824 0.458685
0 0.849074 0.7166 0.0957401 0.0952587 0.406579
0 0.270989 0.816172 0.0858091 0.125026 0.352805
0 0.714318 0.533132 0.152687 0.166952 0.283705
0 0.768247 0.972541 0.115806 0.0545296 0.27004
