0 0.813474 0.367954 0.175512 0.0965547 0.844283
0 0.83054 0.244336 0.154324 0.116691 0.830417
2 0.709024 0.936546 0.219255 0.126908 0.820431
0 0.867196 0.133877 0.117807 0.0976414 0.808936
0 0.374223 0.441509 0.160068 0.168254 0.770181
0 0.16979 0.611937 0.180983 0.188574 0.746842
2 0.763103 0.792421 0.106652 0.0697522 0.592475
0 0.852767 0.653478 0.106713 0.0845131 0.542338
2 0.899321 0.855922 0.160435 0.131722 0.541203
0 0.674941 0.426892 0.115531 0.0939167 0.501926
0 0.820079 0.543511 0.0897571 0.0735128 0.419461
0 0.522775 0.674812 0.10695 0.103395 0.417621
2 0.481542 0.808027 0.101983 0.0956232 0.409674
2 0.917234 0.972694 0.164112 0.054612 0.38269
2 0.61126 0.753888 0.0852503 0.0953182 0.281031
2 0.938624 0.973692 0.122752 0.0518673 0.269189
