0 0.840287 0.511149 0.194612 0.199405 0.855975
0 0.500092 0.358703 0.962872 0.301771 0.835478
0 0.626284 0.726252 0.220003 0.232922 0.823677
0 0.489689 0.588313 0.139288 0.0973858 0.753618
0 0.37737 0.533364 0.111694 0.0942442 0.751359
0 0.681548 0.56867 0.121544 0.0916465 0.684045
0 0.328701 0.72654 0.282619 0.273401 0.678118
0 0.0675733 0.581884 0.121108 0.0940166 0.584233
0 0.842623 0.687876 0.14595 0.147534 0.575066
2 0.419024 0.0948587 0.28197 0.188259 0.533854
2 0.647206 0.064477 0.195173 0.128954 0.500528
2 0.471799 0.934136 0.138777 0.129569 0.359383
2 0.825368 0.904924 0.0757436 0.118402 0.355196
2 0.261295 0.933088 0.107084 0.129196 0.353623
0 0.21789 0.508065 0.0777028 0.0742115 0.346865
2 0.675086 0.93026 0.12061 0.139481 0.309906
0 0.952997 0.409252 0.0835218 0.0844148 0.296543
0 0.668899 0.929099 0.106159 0.138379 0.282379
