0 0.662524 0.368183 0.175814 0.0970961 0.84728
0 0.220296 0.446179 0.174848 0.174663 0.824533
0 0.848269 0.327436 0.146571 0.0833348 0.795286
0 0.681084 0.247614 0.152083 0.119736 0.737028
0 0.366504 0.679792 0.109745 0.106489 0.676522
0 0.694423 0.654633 0.109933 0.0840082 0.638197
2 0.552298 0.938438 0.221271 0.123123 0.59347
0 0.720903 0.132893 0.110268 0.0949875 0.527408
0 0.197427 0.591516 0.119672 0.121711 0.486026
0 0.81295 0.207415 0.102815 0.0955525 0.484757
0 0.82481 0.43047 0.152952 0.0957224 0.389842
2 0.770783 0.973492 0.175618 0.0530157 0.368912
0 0.479911 0.635236 0.0770946 0.0720127 0.360995
0 0.665118 0.464147 0.0943809 0.0737016 0.356066
2 0.843022 0.804947 0.111025 0.0853645 0.35425
0 0.576338 0.707912 0.0879686 0.0886995 0.340861
2 0.551524 0.169914 0.126347 0.0815226 0.336288
2 0.94625 0.578847 0.107499 0.0883342 0.334004
0 0.666074 0.54619 0.091489 0.0734001 0.323834
2 0.905239 0.891702 0.11773 0.0981361 0.299426
2 0.320252 0.810418 0.100682 0.0943546 0.29882
2 0.366164 0.901164 0.0991169 0.0855537 0.297607
2 0.844659 0.115173 0.105992 0.0838376 0.293687
0 0.732338 0.857495 0.143154 0.13382 0.274343
2 0.291739 0.115958 0.166312 0.090521 0.250806
