0 0.351636 0.715697 0.215885 0.228023 0.852942
0 0.50654 0.419688 0.909302 0.246144 0.841164
0 0.807969 0.556456 0.159996 0.169932 0.82009
0 0.116056 0.725078 0.232074 0.232329 0.811069
0 0.614015 0.727845 0.182825 0.192723 0.752234
0 0.517825 0.20642 0.230071 0.173758 0.729915
0 0.513957 0.611066 0.11727 0.0848962 0.515652
0 0.91704 0.669151 0.090076 0.0881042 0.50431
0 0.458598 0.898611 0.106063 0.116315 0.492821
0 0.6231 0.900601 0.0893716 0.129202 0.382546
0 0.272838 0.190834 0.221682 0.140334 0.36995
2 0.812611 0.972917 0.143431 0.0541653 0.351319
0 0.798646 0.696502 0.125983 0.123239 0.328283
2 0.705332 0.176761 0.160054 0.123394 0.297115
0 0.280481 0.908449 0.108817 0.148847 0.269756
2 0.269033 0.210358 0.220525 0.0986639 0.257555
