0 0.542327 0.543858 0.163393 0.168154 0.785108
0 0.346916 0.713313 0.182878 0.188281 0.722475
0 0.0947029 0.712657 0.189406 0.224635 0.642707
0 0.254208 0.199284 0.225049 0.170677 0.603948
0 0.700478 0.777511 0.109426 0.110996 0.55669
2 0.551949 0.966198 0.134776 0.0676048 0.50074
0 0.915153 0.167444 0.160471 0.12241 0.47467
2 0.348921 0.714827 0.190867 0.190556 0.425247
0 0.162101 0.553925 0.0896312 0.0774088 0.383865
2 0.944839 0.894915 0.103717 0.0677105 0.373074
2 0.185304 0.897296 0.0942028 0.1319 0.354438
2 0.917354 0.988897 0.136999 0.0216667 0.337167
0 0.79018 0.855872 0.0843455 0.0924644 0.304783
0 0.527579 0.685849 0.114241 0.12052 0.300498
0 0.251002 0.602942 0.110418 0.0825986 0.253953
2 0.397391 0.517125 0.0564207 0.0399131 0.252617
