0 0.268423 0.701491 0.213562 0.255993 0.86262
0 0.720396 0.546616 0.163174 0.170947 0.854019
0 0.531586 0.71932 0.177475 0.185345 0.823073
0 0.487707 0.416005 0.885899 0.245097 0.659897
0 0.424755 0.202017 0.227442 0.170886 0.651308
2 0.741244 0.969852 0.135869 0.060295 0.531106
0 0.711828 0.689804 0.118454 0.117499 0.483908
0 0.889599 0.782549 0.112845 0.109226 0.429286
0 0.2129 0.531641 0.0607739 0.0573875 0.334969
0 0.065924 0.71733 0.130804 0.209785 0.287018
0 0.377101 0.894668 0.104236 0.121085 0.285611
2 0.624351 0.169108 0.175702 0.11701 0.281757
2 0.903105 0.983016 0.0952081 0.0335239 0.281344
0 0.201141 0.907879 0.104773 0.151861 0.254018
