0 0.832242 0.331318 0.146498 0.0869583 0.885786
0 0.932531 0.579385 0.116376 0.0868551 0.853502
0 0.660739 0.250412 0.157016 0.122868 0.84415
0 0.640924 0.373533 0.177717 0.0956567 0.842341
0 0.200488 0.447814 0.166394 0.171523 0.816961
0 0.803484 0.432823 0.153927 0.0960457 0.78783
0 0.676308 0.658584 0.106717 0.0862816 0.729572
0 0.346197 0.683558 0.10443 0.108535 0.722275
0 0.646112 0.549678 0.094059 0.073743 0.719821
0 0.504114 0.432326 0.119904 0.0961968 0.713303
0 0.699225 0.137834 0.115721 0.0984176 0.70011
2 0.529989 0.940048 0.209919 0.119905 0.661179
0 0.794334 0.2105 0.0981988 0.0990409 0.643782
0 0.814426 0.526626 0.0851264 0.0845178 0.573617
0 0.418155 0.528238 0.093421 0.0757908 0.562182
0 0.641333 0.466372 0.0998006 0.0692944 0.557151
0 0.922413 0.39395 0.096739 0.0660851 0.500073
0 0.45859 0.63452 0.0800005 0.0736935 0.493041
2 0.271829 0.123128 0.165651 0.0962094 0.484918
2 0.890394 0.893919 0.112474 0.0988079 0.450262
0 0.937955 0.242287 0.108253 0.164886 0.421809
2 0.115254 0.0668318 0.168337 0.126192 0.408457
0 0.711942 0.860763 0.147733 0.132885 0.403836
0 0.178127 0.601523 0.121119 0.139192 0.392914
0 0.496849 0.0919437 0.208372 0.111298 0.379951
0 0.927555 0.500109 0.110959 0.0787825 0.363091
0 0.461624 0.0985311 0.130146 0.0960585 0.346163
2 0.30633 0.812821 0.0940401 0.0913496 0.339623
0 0.806192 0.615288 0.102888 0.0710125 0.3154
2 0.940117 0.0998093 0.119766 0.0939549 0.314873
0 0.555182 0.712125 0.0985203 0.0890861 0.31256
0 0.558896 0.606751 0.0808576 0.0740219 0.300631
2 0.762717 0.975408 0.155802 0.0491848 0.277119
0 0.303099 0.55972 0.0991835 0.0921686 0.262552
0 0.703631 0.0388616 0.205782 0.0709373 0.254672
