0 0.69682 0.620749 0.283067 0.223411 0.814415
0 0.350864 0.560493 0.0956251 0.0906191 0.700156
0 0.549194 0.426726 0.198454 0.195403 0.667757
0 0.493894 0.595711 0.113742 0.120139 0.643704
2 0.305973 0.955733 0.191714 0.0885347 0.584066
0 0.336815 0.67822 0.1034 0.0878048 0.553752
0 0.129825 0.229242 0.108125 0.0771749 0.522833
0 0.458927 0.812598 0.0985799 0.0919315 0.47717
0 0.205639 0.696906 0.159556 0.097459 0.460648
0 0.10959 0.560469 0.0896695 0.0651607 0.405001
0 0.209885 0.597669 0.0804537 0.0768526 0.402484
0 0.316572 0.774292 0.100151 0.0860749 0.359771
0 0.155651 0.366662 0.132881 0.109976 0.322769
0 0.47137 0.719702 0.0686894 0.0713411 0.321327
0 0.0645227 0.654432 0.109122 0.0766838 0.310333
2 0.314162 0.263731 0.192324 0.150745 0.296702
0 0.448832 0.910076 0.109634 0.0964058 0.273631
