0 0.754401 0.467197 0.172149 0.0933414 0.863702
0 0.77175 0.346348 0.148007 0.113099 0.840858
0 0.320075 0.540431 0.162333 0.171753 0.811902
0 0.112197 0.712133 0.18397 0.188247 0.728337
0 0.809463 0.23514 0.107903 0.0892108 0.71399
0 0.932071 0.428131 0.135859 0.0847415 0.696
0 0.899577 0.310397 0.101314 0.0910744 0.549891
0 0.791696 0.750386 0.101383 0.0811111 0.514769
0 0.467967 0.774598 0.113654 0.105353 0.344448
2 0.552586 0.855228 0.0956351 0.0931778 0.304425
0 0.919817 0.533928 0.15293 0.105237 0.292672
0 0.677834 0.80555 0.096501 0.0878899 0.279422
0 0.236339 0.164425 0.175885 0.124721 0.255403
