0 0.600218 0.430901 0.175727 0.0959408 0.88558
0 0.157093 0.507332 0.177521 0.171688 0.868367
0 0.617461 0.312627 0.157014 0.120343 0.835657
0 0.788338 0.390939 0.14693 0.0870296 0.789126
0 0.758157 0.491724 0.147143 0.0954429 0.746818
0 0.660139 0.200808 0.114959 0.09591 0.658927
2 0.837587 0.952701 0.123028 0.0945971 0.651487
0 0.301375 0.740593 0.106181 0.106846 0.642231
0 0.605031 0.601629 0.0953973 0.0672845 0.604692
0 0.631896 0.715491 0.107445 0.087249 0.572178
0 0.462872 0.487441 0.120669 0.0926097 0.559824
0 0.891292 0.300326 0.102309 0.160089 0.545697
0 0.135285 0.660091 0.122975 0.13426 0.529134
0 0.888543 0.637704 0.111783 0.0877541 0.517573
2 0.496182 0.97125 0.187418 0.0563915 0.513715
0 0.415946 0.695747 0.0825738 0.0735527 0.47823
0 0.377896 0.589952 0.101215 0.0760412 0.462115
0 0.749264 0.272774 0.0957323 0.0959639 0.457817
2 0.90354 0.161217 0.154245 0.0934955 0.42679
0 0.878083 0.454069 0.0968547 0.0646293 0.397414
2 0.779651 0.178549 0.111878 0.0842883 0.384803
2 0.670984 0.919867 0.146329 0.132258 0.342889
2 0.538593 0.855671 0.105124 0.0664234 0.324678
0 0.599994 0.522161 0.0954329 0.0701309 0.308082
0 0.770654 0.580747 0.0782905 0.082398 0.300118
2 0.867513 0.554875 0.125592 0.068708 0.299509
0 0.417913 0.158203 0.12623 0.0963557 0.284297
0 0.360651 0.240534 0.0993235 0.0858089 0.283821
2 0.899715 0.825679 0.0844788 0.104568 0.27462
2 0.231284 0.181374 0.15813 0.0983537 0.262364
2 0.773694 0.868868 0.126261 0.0857304 0.254606
2 0.901347 0.0844628 0.0701116 0.0398918 0.253731
