0 0.804122 0.556839 0.161918 0.167533 0.874313
0 0.351107 0.714078 0.216193 0.227752 0.859317
0 0.117629 0.723066 0.231922 0.22313 0.824975
0 0.612641 0.726678 0.181936 0.190999 0.813933
0 0.508888 0.421405 0.914622 0.245269 0.812787
0 0.516002 0.20877 0.230154 0.172385 0.689073
0 0.456609 0.893042 0.103184 0.114732 0.576614
0 0.930047 0.924535 0.0959167 0.0893166 0.518772
0 0.955862 0.790822 0.0882751 0.111069 0.50602
0 0.90878 0.667905 0.0960532 0.0875654 0.492769
0 0.792954 0.695949 0.122632 0.123334 0.466112
0 0.512538 0.610243 0.115788 0.0860823 0.443315
0 0.699454 0.177068 0.163441 0.120169 0.399227
0 0.274807 0.194382 0.219076 0.139139 0.362123
0 0.620711 0.896879 0.0935864 0.125239 0.330028
2 0.812522 0.972052 0.139719 0.0558969 0.31207
2 0.271752 0.206903 0.21919 0.110315 0.293446
0 0.279299 0.906546 0.111967 0.148948 0.292685
0 0.067108 0.186757 0.131108 0.124298 0.276802
0 0.907509 0.688932 0.102271 0.127958 0.253341
