0 0.314902 0.667967 0.193131 0.213877 0.903126
0 0.104096 0.683036 0.208192 0.208812 0.869782
0 0.547983 0.680183 0.163513 0.174194 0.863257
0 0.866669 0.738565 0.0995873 0.100863 0.726227
0 0.72373 0.530748 0.149062 0.160351 0.701909
0 0.49344 0.410827 0.936463 0.23057 0.66141
0 0.410244 0.834579 0.0924896 0.10837 0.41602
0 0.0739566 0.95359 0.100998 0.0910004 0.41315
0 0.736429 0.92288 0.118259 0.0976173 0.367446
2 0.23975 0.960438 0.15213 0.0791231 0.31833
0 0.459782 0.575632 0.103206 0.0743364 0.279184
0 0.821304 0.625955 0.0844179 0.0772804 0.273361
0 0.561409 0.835007 0.0815367 0.113195 0.261374
