0 0.451481 0.650893 0.21688 0.21894 0.866961
0 0.704521 0.6565 0.179212 0.186911 0.85699
0 0.200927 0.662215 0.269675 0.223995 0.85562
0 0.8847 0.488064 0.171804 0.171875 0.706223
0 0.621489 0.357827 0.692847 0.244523 0.673508
0 0.0811251 0.943284 0.109707 0.101987 0.638059
0 0.609895 0.959446 0.143906 0.0808575 0.552311
0 0.562395 0.142301 0.234363 0.170344 0.42518
0 0.771226 0.954553 0.113693 0.0908211 0.425089
0 0.878921 0.627132 0.120076 0.120044 0.371968
0 0.507039 0.496715 0.0962812 0.0731154 0.353743
2 0.176593 0.440208 0.108292 0.0638246 0.312043
2 0.93245 0.920095 0.119097 0.105426 0.30177
2 0.270342 0.44783 0.0432143 0.0456667 0.278455
0 0.934115 0.91967 0.124834 0.105636 0.274011
