0 0.427162 0.659639 0.282772 0.229487 0.867968
0 0.698468 0.652274 0.226652 0.21881 0.861789
0 0.232719 0.632417 0.11794 0.11698 0.731274
0 0.931027 0.661986 0.136824 0.192034 0.644654
0 0.191805 0.852688 0.0978115 0.0905128 0.631035
0 0.0929954 0.599417 0.0957152 0.0861256 0.587672
0 0.174427 0.950951 0.120514 0.0965229 0.467406
0 0.840389 0.965591 0.135947 0.0688187 0.437187
0 0.0684426 0.715717 0.120274 0.0925352 0.402491
2 0.831116 0.138354 0.230048 0.169385 0.392283
0 0.310567 0.939313 0.118566 0.103559 0.37183
0 0.82891 0.137437 0.231873 0.16944 0.340196
0 0.808928 0.835335 0.106391 0.124366 0.278246
