0 0.706775 0.4619 0.17139 0.0907121 0.911609
0 0.269594 0.536926 0.169494 0.173674 0.847314
0 0.721975 0.34327 0.151501 0.116986 0.84112
0 0.88937 0.424114 0.147389 0.081354 0.784047
0 0.869018 0.524758 0.150656 0.092758 0.653644
0 0.740288 0.74882 0.107268 0.0824902 0.595081
0 0.414642 0.77143 0.109782 0.105524 0.559321
0 0.0739122 0.708285 0.138484 0.187039 0.535822
0 0.763058 0.232113 0.108896 0.0933323 0.528524
0 0.851141 0.306092 0.0945187 0.0940921 0.481108
0 0.622362 0.80227 0.0880827 0.0843683 0.443526
0 0.245195 0.68634 0.123456 0.129514 0.435119
0 0.366866 0.649455 0.100305 0.0866905 0.306817
2 0.596569 0.267956 0.125805 0.0757675 0.296465
0 0.879292 0.212533 0.108438 0.0822511 0.276172
0 0.787885 0.941964 0.157334 0.116071 0.261578
