0 0.450596 0.421771 0.828297 0.241787 0.879396
0 0.578638 0.713148 0.173638 0.185372 0.876575
0 0.331689 0.70471 0.215766 0.222142 0.853124
0 0.76897 0.545736 0.154472 0.163058 0.849013
0 0.103886 0.714157 0.206189 0.221843 0.81831
0 0.932514 0.77953 0.113956 0.107366 0.725366
0 0.874755 0.657552 0.0946309 0.086816 0.69152
2 0.666794 0.180881 0.158449 0.114333 0.573557
0 0.401721 0.552261 0.0906813 0.0738991 0.553026
2 0.264192 0.88815 0.0939211 0.140658 0.517207
0 0.760579 0.692723 0.119701 0.130848 0.458893
0 0.784078 0.963299 0.131119 0.0726765 0.43402
0 0.43288 0.879235 0.0997063 0.11337 0.352111
0 0.588942 0.882845 0.095976 0.126323 0.349482
0 0.486369 0.600849 0.10439 0.0820795 0.34798
