0 0.685355 0.623682 0.28019 0.224089 0.833818
0 0.480221 0.601826 0.12201 0.119802 0.753157
0 0.534625 0.431922 0.197938 0.199729 0.742913
0 0.336673 0.566569 0.102455 0.0899052 0.666802
0 0.32691 0.680104 0.10192 0.0866686 0.628526
2 0.293951 0.958419 0.182379 0.0829567 0.55199
0 0.19272 0.70282 0.153298 0.0959398 0.516705
2 0.307593 0.268855 0.205964 0.153439 0.512741
0 0.197683 0.599314 0.0806252 0.0783722 0.464699
0 0.445782 0.815806 0.0991484 0.0931683 0.401036
0 0.301363 0.778436 0.1119 0.0864628 0.388909
0 0.919624 0.62107 0.156862 0.227558 0.375394
0 0.121179 0.23846 0.111515 0.0802172 0.250725
