0 0.346566 0.717991 0.217146 0.221366 0.853162
0 0.797134 0.554767 0.159494 0.171017 0.844909
0 0.109619 0.72576 0.216342 0.225568 0.812432
0 0.529289 0.408549 0.773446 0.21693 0.785237
0 0.60819 0.726306 0.192077 0.192232 0.776511
0 0.499568 0.205281 0.226278 0.175481 0.76756
0 0.685154 0.17673 0.164639 0.126844 0.681117
0 0.953569 0.789846 0.0928626 0.111694 0.555
0 0.78937 0.699596 0.124161 0.130924 0.356574
0 0.928562 0.925052 0.0975932 0.0913593 0.335817
0 0.903643 0.664586 0.0988738 0.0893454 0.321844
2 0.808694 0.972489 0.140529 0.0550211 0.321542
0 0.503145 0.608535 0.115762 0.0813993 0.281347
0 0.846096 0.22961 0.162917 0.0917501 0.275308
0 0.255727 0.192623 0.217133 0.141848 0.259168
2 0.254282 0.192463 0.217679 0.138132 0.257568
