0 0.314727 0.664768 0.194192 0.218973 0.908369
0 0.104152 0.682324 0.208305 0.20762 0.875131
0 0.547924 0.679201 0.16334 0.173168 0.861972
0 0.865951 0.737504 0.0986623 0.100915 0.717068
0 0.723324 0.532396 0.149334 0.162312 0.635555
0 0.490942 0.409802 0.927932 0.23054 0.607231
0 0.410025 0.832949 0.0931005 0.10623 0.401023
0 0.0757837 0.953123 0.0971431 0.0922157 0.39833
2 0.239926 0.95999 0.151488 0.0800207 0.350396
0 0.734918 0.921255 0.117986 0.0983475 0.300176
0 0.561664 0.834002 0.0801702 0.112545 0.261525
0 0.459398 0.574608 0.103204 0.074361 0.255802
