0 0.801512 0.519418 0.189426 0.201433 0.825227
0 0.599332 0.732203 0.231646 0.231632 0.78964
0 0.913515 0.415204 0.0774614 0.0731789 0.695474
0 0.293287 0.73633 0.267847 0.26753 0.601744
0 0.459611 0.595551 0.141328 0.0961978 0.574576
0 0.447074 0.351565 0.866397 0.268587 0.563836
0 0.809649 0.696083 0.146189 0.145949 0.520409
2 0.609759 0.0667601 0.189868 0.13253 0.505648
0 0.385771 0.101958 0.28944 0.20252 0.499366
2 0.388283 0.100997 0.284329 0.199026 0.474117
0 0.645494 0.578054 0.119996 0.0957219 0.346178
0 0.943743 0.654798 0.109742 0.104951 0.343801
2 0.807668 0.128303 0.201911 0.116775 0.341718
0 0.782787 0.0304477 0.139462 0.0608953 0.336737
2 0.790829 0.912228 0.0724538 0.119339 0.300549
2 0.890128 0.857243 0.0811086 0.0969574 0.285499
