0 0.711677 0.365818 0.174582 0.0945121 0.848214
0 0.274421 0.43891 0.164108 0.175015 0.797579
2 0.610881 0.936701 0.208565 0.126598 0.751452
0 0.733604 0.241638 0.148107 0.114088 0.727533
0 0.769832 0.129569 0.11813 0.0918351 0.623004
0 0.901341 0.324892 0.152353 0.0819152 0.611205
0 0.860464 0.207612 0.0983802 0.0902512 0.591091
0 0.0782821 0.608435 0.149206 0.18652 0.581904
0 0.74668 0.650773 0.104427 0.0822205 0.527007
0 0.87924 0.426427 0.155752 0.0936714 0.476927
2 0.820095 0.972072 0.188081 0.0558565 0.45217
