0 0.90036 0.524302 0.180984 0.197264 0.847313
0 0.131239 0.74096 0.258225 0.268832 0.847201
0 0.699793 0.724808 0.20703 0.220786 0.82352
0 0.559735 0.372199 0.853065 0.284637 0.818688
0 0.405775 0.725661 0.262967 0.27051 0.817079
0 0.562915 0.593216 0.131744 0.0959787 0.739337
2 0.727202 0.0796772 0.182814 0.149585 0.728606
0 0.902938 0.691262 0.147134 0.137006 0.714549
0 0.459151 0.538103 0.104596 0.0877008 0.680349
0 0.169284 0.582036 0.0970709 0.0893177 0.63612
0 0.502531 0.111507 0.268834 0.199453 0.566558
0 0.0730845 0.476574 0.10448 0.0771475 0.548847
0 0.300579 0.509936 0.0807356 0.0747778 0.525641
0 0.217466 0.101827 0.241699 0.16958 0.483443
0 0.745161 0.576863 0.118769 0.08605 0.431569
2 0.881189 0.901185 0.0753333 0.112071 0.334245
2 0.50405 0.111176 0.265088 0.20635 0.313494
0 0.339293 0.922965 0.120665 0.12796 0.307918
0 0.791632 0.265759 0.120286 0.089125 0.304023
0 0.065092 0.277827 0.0992009 0.0849073 0.297719
2 0.542486 0.930045 0.116869 0.134 0.280728
0 0.255172 0.216191 0.0834725 0.0539498 0.261739
