0 0.340885 0.712671 0.215391 0.224963 0.876005
0 0.592288 0.720942 0.171343 0.187927 0.851107
0 0.517842 0.419709 0.882771 0.249936 0.831865
0 0.108193 0.719339 0.213087 0.228381 0.823237
0 0.787287 0.547564 0.158154 0.164024 0.817012
0 0.500233 0.208577 0.224195 0.171852 0.788606
0 0.684003 0.179524 0.160122 0.12469 0.769551
0 0.439663 0.887019 0.0952163 0.11119 0.710458
0 0.945645 0.785593 0.108711 0.108752 0.645634
0 0.776004 0.704109 0.122009 0.143476 0.570482
0 0.605512 0.891884 0.0893531 0.125311 0.561046
0 0.803605 0.968598 0.131 0.0625252 0.509871
0 0.497691 0.605503 0.109664 0.0768459 0.490479
0 0.260796 0.192493 0.215764 0.135644 0.488973
0 0.838702 0.23486 0.156128 0.0911689 0.48887
0 0.412044 0.554872 0.0938184 0.0762589 0.418851
2 0.799456 0.968203 0.125808 0.0635937 0.332837
0 0.269473 0.901399 0.0973137 0.150073 0.301265
0 0.283451 0.532666 0.0695879 0.0531385 0.281536
0 0.0688219 0.985117 0.0873597 0.026634 0.268369
2 0.259818 0.193546 0.22137 0.131567 0.253997
2 0.95405 0.981451 0.0895945 0.0361538 0.251207
