0 0.793388 0.552614 0.160983 0.164946 0.898601
0 0.346984 0.71418 0.214431 0.223122 0.867568
0 0.599666 0.723501 0.180471 0.189544 0.83036
0 0.116661 0.722331 0.225317 0.225285 0.816404
0 0.5049 0.408954 0.909952 0.211284 0.768833
0 0.949526 0.788953 0.100948 0.109909 0.699144
0 0.446119 0.889678 0.0983129 0.112923 0.664112
2 0.69339 0.180311 0.157532 0.118121 0.650894
0 0.807643 0.970475 0.129569 0.0590506 0.551668
0 0.275112 0.90596 0.103014 0.151036 0.526161
0 0.782417 0.705516 0.121814 0.143633 0.504771
0 0.899151 0.665265 0.102426 0.0884964 0.50094
2 0.264592 0.202076 0.219223 0.116629 0.458638
0 0.500362 0.6054 0.112418 0.0776155 0.435594
0 0.615821 0.894937 0.0957687 0.128193 0.428564
2 0.846451 0.234484 0.16182 0.0918804 0.379119
0 0.504309 0.206895 0.222691 0.163626 0.316785
0 0.925306 0.921088 0.0951236 0.0892292 0.310996
0 0.290745 0.530278 0.0600959 0.0533433 0.305474
0 0.26748 0.193584 0.217131 0.137588 0.287545
