0 0.783077 0.531725 0.196496 0.198871 0.842448
0 0.27467 0.747936 0.275574 0.288555 0.720214
0 0.498691 0.376782 0.967118 0.293958 0.689332
2 0.599785 0.0741101 0.201244 0.147108 0.674346
0 0.323832 0.552905 0.112862 0.0952318 0.648276
0 0.574387 0.745419 0.218164 0.23055 0.622239
0 0.625636 0.583541 0.116578 0.0944525 0.580992
2 0.762406 0.921034 0.0812337 0.124915 0.481786
2 0.574153 0.746766 0.221063 0.232833 0.480965
0 0.437037 0.608364 0.140946 0.0958679 0.445353
0 0.923831 0.663714 0.108141 0.106787 0.43974
0 0.785322 0.711925 0.143487 0.158661 0.375751
2 0.366107 0.104737 0.26862 0.207608 0.253118
