0 0.54653 0.361741 0.881904 0.307382 0.84582
0 0.677819 0.732106 0.224019 0.236871 0.841257
0 0.890284 0.519395 0.195558 0.209561 0.779343
0 0.11924 0.744796 0.226752 0.278856 0.742552
0 0.53802 0.59242 0.135965 0.096603 0.70849
0 0.465787 0.0983506 0.298831 0.19562 0.699679
0 0.374562 0.733663 0.26474 0.273746 0.67477
0 0.425914 0.535523 0.110896 0.0893873 0.641212
0 0.121196 0.58325 0.105747 0.0905531 0.592342
0 0.731235 0.577265 0.123431 0.0972374 0.574592
0 0.881 0.0292621 0.142427 0.0585242 0.521191
2 0.719439 0.93305 0.1199 0.133899 0.504969
2 0.871583 0.913853 0.0735523 0.124584 0.496048
0 0.702726 0.0652332 0.190014 0.130213 0.460949
0 0.171468 0.0824447 0.273873 0.16323 0.456737
0 0.897048 0.695596 0.158772 0.145062 0.432632
0 0.263765 0.508014 0.080284 0.0714711 0.293801
0 0.897955 0.119707 0.195674 0.111021 0.292775
2 0.308789 0.936068 0.125345 0.127864 0.253478
