0 0.126984 0.742991 0.24881 0.271829 0.847099
0 0.698363 0.731245 0.218897 0.231792 0.835432
0 0.900847 0.523943 0.181493 0.198917 0.81048
0 0.518879 0.37423 0.962242 0.290379 0.78711
0 0.561874 0.593867 0.132271 0.0964245 0.757943
0 0.402999 0.727799 0.265343 0.273112 0.743202
0 0.16022 0.583959 0.110535 0.0888794 0.711302
0 0.455833 0.539195 0.109629 0.089415 0.673174
2 0.731147 0.0756346 0.191728 0.14849 0.6636
0 0.293552 0.507605 0.0750177 0.0631752 0.625344
0 0.904159 0.695144 0.144866 0.139926 0.597454
0 0.207899 0.096046 0.251954 0.169923 0.572434
2 0.886217 0.906076 0.0772291 0.115865 0.545613
0 0.504266 0.10866 0.267366 0.201059 0.535982
0 0.747017 0.577521 0.118726 0.0861971 0.488809
0 0.0622389 0.277165 0.0979228 0.0865743 0.478436
2 0.54126 0.93321 0.122457 0.131656 0.374915
2 0.739727 0.929309 0.117673 0.141382 0.326781
2 0.505907 0.108932 0.261974 0.209526 0.311423
0 0.0660849 0.476394 0.110773 0.0795441 0.252526
