0 0.697818 0.619185 0.280798 0.222211 0.863089
0 0.495713 0.590171 0.112212 0.112996 0.789983
0 0.352212 0.557637 0.093883 0.0921057 0.722281
0 0.339405 0.675379 0.104433 0.0876845 0.697496
0 0.460462 0.808562 0.101258 0.0891579 0.692276
0 0.210572 0.589189 0.0811049 0.0710224 0.663444
0 0.20824 0.694013 0.157003 0.0980333 0.644335
0 0.320668 0.772486 0.1125 0.0855934 0.57216
0 0.552091 0.422132 0.214476 0.196761 0.557564
0 0.0668118 0.650873 0.111284 0.0763878 0.533311
0 0.110721 0.560166 0.0920051 0.0766066 0.528722
0 0.455109 0.907219 0.11399 0.0950638 0.519349
0 0.13041 0.225843 0.1074 0.0765858 0.517167
0 0.157278 0.363221 0.135202 0.105755 0.516653
0 0.475636 0.714905 0.0636809 0.0746597 0.462441
0 0.149208 0.893449 0.100521 0.137675 0.435311
2 0.312342 0.953614 0.186898 0.0926582 0.409569
0 0.145626 0.468769 0.0976111 0.0763502 0.326018
0 0.30913 0.95399 0.182 0.0910004 0.318936
0 0.302578 0.863665 0.0797602 0.0728476 0.303702
0 0.636131 0.391046 0.398127 0.25692 0.293727
0 0.583302 0.900474 0.10379 0.105674 0.28604
0 0.161398 0.790139 0.0807751 0.0671392 0.283652
0 0.763119 0.783193 0.0814328 0.0986717 0.273381
