0 0.129612 0.745328 0.251503 0.270361 0.849938
0 0.697898 0.731192 0.219783 0.231141 0.849133
0 0.566177 0.371387 0.852135 0.289892 0.818385
0 0.560294 0.59518 0.132528 0.0977014 0.770653
0 0.901571 0.524525 0.182997 0.202369 0.751197
0 0.158566 0.584237 0.108396 0.0879469 0.73827
0 0.401399 0.728543 0.267049 0.27363 0.731184
0 0.502396 0.105352 0.268944 0.201793 0.704135
0 0.454173 0.539691 0.108879 0.0906065 0.671553
0 0.290929 0.508234 0.0779569 0.0649117 0.631063
2 0.73302 0.0746596 0.196548 0.148454 0.624191
0 0.746428 0.577975 0.120746 0.0875093 0.550677
2 0.886407 0.907594 0.0785661 0.116058 0.538533
0 0.904373 0.695964 0.145482 0.139832 0.535378
0 0.0605089 0.275684 0.0942557 0.0910609 0.49438
0 0.0614763 0.475657 0.113479 0.0798016 0.485876
0 0.908189 0.137262 0.183621 0.112794 0.391641
2 0.539893 0.934202 0.122025 0.130222 0.377811
0 0.792959 0.244765 0.124219 0.106886 0.360489
2 0.739254 0.929717 0.116445 0.140566 0.32679
