0 0.67472 0.686192 0.177895 0.19071 0.874057
0 0.426565 0.686328 0.230222 0.233195 0.862113
0 0.159321 0.699459 0.274759 0.232583 0.856956
0 0.856225 0.515879 0.163806 0.168483 0.756756
0 0.616962 0.382918 0.738974 0.256709 0.708045
2 0.711743 0.130317 0.168259 0.124424 0.647121
0 0.915731 0.952519 0.129877 0.0949612 0.586523
0 0.755427 0.9749 0.113971 0.0498785 0.509413
0 0.371562 0.863471 0.105783 0.120132 0.490554
2 0.519937 0.162661 0.234339 0.173337 0.487378
0 0.0481819 0.966297 0.0963637 0.0674053 0.46845
0 0.71024 0.864424 0.0929491 0.13395 0.420879
0 0.856722 0.669043 0.125278 0.142521 0.399201
0 0.0667247 0.866166 0.101029 0.11418 0.375209
0 0.564149 0.575644 0.112523 0.0823586 0.350266
0 0.545193 0.860487 0.108057 0.110891 0.271695
