0 0.800595 0.556175 0.163844 0.165937 0.860751
0 0.3499 0.712165 0.216309 0.229198 0.860616
0 0.11733 0.722318 0.230581 0.222344 0.841189
0 0.610706 0.725952 0.191958 0.191029 0.82066
0 0.506714 0.413053 0.922717 0.223456 0.802573
0 0.952355 0.789839 0.0952906 0.110808 0.606701
0 0.452032 0.892493 0.0990604 0.117768 0.581361
2 0.270951 0.212026 0.216807 0.100372 0.542636
0 0.901975 0.6654 0.102032 0.0886806 0.515089
0 0.620064 0.896566 0.093708 0.12836 0.506239
0 0.787455 0.695089 0.121759 0.124142 0.492283
0 0.926866 0.921877 0.0962861 0.0882683 0.490866
0 0.50974 0.606914 0.114541 0.0783859 0.449469
2 0.697176 0.180458 0.159211 0.119173 0.449176
0 0.279498 0.904682 0.110699 0.148002 0.438619
0 0.513916 0.209345 0.227882 0.169403 0.330758
0 0.808772 0.971329 0.123125 0.0573421 0.29294
0 0.424433 0.558495 0.0883653 0.0755127 0.269589
