0 0.575288 0.710711 0.173761 0.185993 0.877958
0 0.460849 0.422443 0.852545 0.244609 0.855156
0 0.328945 0.701962 0.215114 0.221814 0.849643
0 0.76337 0.549785 0.158996 0.171587 0.823063
0 0.103193 0.712674 0.205549 0.220713 0.819941
0 0.924413 0.775656 0.108259 0.107218 0.71298
0 0.86971 0.654264 0.0856418 0.0835498 0.563932
0 0.398993 0.550363 0.0905463 0.0704367 0.533249
0 0.429095 0.873887 0.102916 0.109539 0.468161
0 0.755988 0.685125 0.117953 0.120067 0.416738
0 0.887366 0.903774 0.0870743 0.0875792 0.399931
0 0.780915 0.961072 0.131112 0.0775471 0.371461
0 0.58629 0.879646 0.091904 0.125867 0.348399
2 0.260312 0.886145 0.101168 0.143437 0.34222
2 0.77638 0.960969 0.133614 0.0780614 0.308746
0 0.0618303 0.979066 0.0996228 0.0413609 0.293527
0 0.481819 0.206477 0.216162 0.161344 0.256846
