0 0.50312 0.364051 0.974024 0.297997 0.818031
0 0.613567 0.730956 0.215677 0.235292 0.786745
0 0.82304 0.515238 0.196561 0.204803 0.710213
0 0.471251 0.592884 0.13448 0.100231 0.702274
0 0.361723 0.536697 0.109716 0.0903541 0.702145
0 0.403201 0.0987244 0.302319 0.195924 0.68855
0 0.310952 0.729878 0.274292 0.274867 0.678048
2 0.804886 0.908214 0.0786482 0.118685 0.563687
0 0.823384 0.689664 0.142813 0.151246 0.501078
2 0.465505 0.936867 0.141572 0.125725 0.449894
0 0.663126 0.571499 0.116937 0.0933772 0.429099
0 0.115496 0.0835326 0.230991 0.165902 0.409407
2 0.656173 0.931234 0.117737 0.137531 0.368727
2 0.631872 0.0662856 0.187313 0.132571 0.362056
0 0.0588482 0.586311 0.102998 0.0933369 0.351158
0 0.951277 0.648777 0.097445 0.103895 0.350511
0 0.797801 0.0291852 0.137067 0.0582424 0.253899
