0 0.320364 0.661756 0.189585 0.203494 0.896149
0 0.547469 0.675165 0.16177 0.16869 0.874303
0 0.112644 0.675563 0.225289 0.205162 0.838709
0 0.720053 0.52471 0.14889 0.148272 0.745612
0 0.861303 0.730956 0.0995051 0.0951784 0.692152
0 0.498367 0.406855 0.939437 0.214726 0.61291
0 0.730639 0.914745 0.116332 0.0975685 0.554638
0 0.41257 0.822268 0.0951326 0.104552 0.408681
0 0.0834084 0.946801 0.0988666 0.100404 0.389533
0 0.809607 0.622966 0.0938958 0.0827188 0.332174
0 0.706765 0.648814 0.104841 0.104 0.329165
0 0.942902 0.802769 0.0827508 0.0861798 0.250538
