0 0.119096 0.661884 0.231379 0.195398 0.870938
0 0.33353 0.652815 0.186712 0.191027 0.838619
0 0.546876 0.663523 0.15272 0.166574 0.782536
0 0.105744 0.92061 0.0950323 0.0972071 0.652641
0 0.522492 0.410723 0.801491 0.209582 0.623617
0 0.847355 0.715502 0.0953718 0.0918325 0.485054
0 0.418435 0.809473 0.0952464 0.108519 0.445531
0 0.72055 0.890953 0.105961 0.0952694 0.38542
0 0.711803 0.526717 0.148629 0.151088 0.355767
0 0.272151 0.81511 0.0864906 0.125272 0.350983
0 0.254863 0.942618 0.143945 0.107999 0.312828
0 0.76647 0.972277 0.116039 0.0549992 0.289589
