0 0.353003 0.715893 0.217094 0.227862 0.865023
0 0.614487 0.727338 0.180935 0.191307 0.837717
0 0.509833 0.414118 0.914742 0.235574 0.837227
0 0.808914 0.554362 0.158827 0.171676 0.822691
0 0.116424 0.723643 0.232849 0.229013 0.805446
0 0.514844 0.206083 0.229678 0.177022 0.74055
0 0.513817 0.606722 0.116149 0.0819925 0.563135
0 0.268505 0.190931 0.220234 0.140185 0.523718
2 0.821818 0.972587 0.131685 0.0548267 0.473565
0 0.461175 0.896866 0.114022 0.112802 0.400937
0 0.801557 0.693994 0.127529 0.122869 0.361376
0 0.917355 0.667523 0.0905561 0.089584 0.337432
0 0.0662085 0.183376 0.129052 0.126926 0.33018
0 0.626368 0.899254 0.0856949 0.1279 0.329709
0 0.702172 0.173905 0.164459 0.124911 0.324704
0 0.282156 0.909287 0.109487 0.150013 0.279242
2 0.266798 0.193395 0.221489 0.133559 0.272943
