0 0.80502 0.556697 0.161158 0.167641 0.870342
0 0.35134 0.715092 0.215495 0.226041 0.868869
0 0.117695 0.724053 0.232183 0.224501 0.829215
0 0.50946 0.418507 0.914186 0.239183 0.799213
0 0.612705 0.727535 0.190516 0.19249 0.793502
0 0.516176 0.207826 0.230492 0.174425 0.720907
0 0.931185 0.925004 0.0984599 0.0900471 0.574833
0 0.456573 0.893897 0.103831 0.115581 0.573789
0 0.910018 0.667994 0.0963907 0.0877722 0.546357
0 0.513326 0.610556 0.116166 0.0864226 0.479867
0 0.700607 0.176662 0.164206 0.12055 0.470515
0 0.274172 0.194209 0.219498 0.139834 0.441782
0 0.955729 0.791855 0.0885425 0.112109 0.403757
0 0.621719 0.897412 0.0916677 0.125753 0.387223
0 0.794869 0.695432 0.12387 0.124811 0.365791
0 0.0668097 0.18702 0.131173 0.123204 0.316155
0 0.279993 0.907582 0.11146 0.149837 0.292844
2 0.272023 0.198076 0.220215 0.12873 0.278005
2 0.813186 0.97242 0.143536 0.0551609 0.250587
