0 0.587002 0.717405 0.171149 0.184662 0.868975
0 0.776709 0.547254 0.156776 0.163958 0.852041
0 0.336728 0.708508 0.210051 0.229653 0.843308
0 0.509812 0.421027 0.91477 0.250073 0.840671
0 0.106024 0.717551 0.206993 0.226551 0.824582
0 0.880653 0.659764 0.100917 0.0859646 0.772421
0 0.771638 0.688907 0.127765 0.116434 0.644551
0 0.939179 0.785025 0.112354 0.1118 0.611245
0 0.593684 0.887345 0.101147 0.12428 0.578593
0 0.495008 0.20965 0.222397 0.168109 0.573886
0 0.493852 0.603046 0.112691 0.0787526 0.506543
0 0.436422 0.883946 0.104664 0.11056 0.397405
2 0.267225 0.894777 0.0948214 0.144017 0.396351
0 0.25658 0.195308 0.215015 0.134924 0.379364
2 0.792369 0.966069 0.13022 0.0678616 0.372345
0 0.677839 0.181106 0.15228 0.122746 0.310692
0 0.79369 0.966241 0.137543 0.066811 0.305032
