0 0.520787 0.358843 0.958426 0.301637 0.839692
0 0.657462 0.726936 0.216347 0.231339 0.823408
0 0.404945 0.532011 0.107817 0.0919622 0.780415
0 0.870975 0.512634 0.201816 0.202818 0.771992
0 0.515133 0.590445 0.134144 0.0993996 0.720824
0 0.867957 0.689134 0.143752 0.143909 0.701391
0 0.346781 0.731942 0.281108 0.285767 0.690176
0 0.0973681 0.744512 0.187606 0.280457 0.630601
0 0.101615 0.580949 0.110122 0.0916157 0.584567
0 0.242227 0.502396 0.0723876 0.0652389 0.554491
0 0.499886 0.935405 0.131509 0.12804 0.544693
0 0.707526 0.570297 0.121768 0.0912035 0.536
2 0.848317 0.907286 0.0759109 0.119238 0.514077
0 0.876303 0.117105 0.202219 0.11414 0.482354
2 0.681876 0.0666729 0.188217 0.133065 0.47617
0 0.446334 0.0972128 0.296758 0.193145 0.471431
0 0.146821 0.0794643 0.272602 0.156734 0.359431
0 0.679395 0.0663157 0.185172 0.132626 0.339153
2 0.69668 0.929997 0.121714 0.140007 0.301604
