0 0.651958 0.637445 0.276428 0.224174 0.858505
0 0.901617 0.632428 0.196766 0.222789 0.810932
0 0.450844 0.608752 0.116577 0.11177 0.692353
0 0.305564 0.576713 0.0962576 0.0910337 0.618367
0 0.291875 0.693829 0.102067 0.0908701 0.615539
0 0.414194 0.827497 0.0983322 0.0898098 0.55128
0 0.156603 0.714037 0.149523 0.0962282 0.547519
0 0.167335 0.613962 0.0788399 0.074456 0.544683
0 0.0907151 0.249845 0.113763 0.0791035 0.508516
0 0.504716 0.440152 0.206593 0.194921 0.449105
2 0.259066 0.965242 0.188659 0.0695158 0.415447
0 0.559466 0.0903827 0.155709 0.117086 0.327597
0 0.271489 0.789631 0.101756 0.0886979 0.29996
0 0.120033 0.382065 0.140788 0.108616 0.293886
0 0.102894 0.912475 0.0963483 0.144366 0.268088
