0 0.681398 0.628427 0.284561 0.226364 0.769145
0 0.31654 0.684895 0.0987941 0.088578 0.692876
0 0.326964 0.569008 0.095379 0.0841539 0.671314
2 0.28018 0.960359 0.194134 0.0791317 0.613178
0 0.467642 0.603651 0.122915 0.119013 0.611282
0 0.522171 0.440911 0.201175 0.192903 0.610049
0 0.912328 0.624313 0.171554 0.218607 0.455251
0 0.182327 0.707841 0.154196 0.0950447 0.423737
0 0.189432 0.602473 0.0820407 0.0715599 0.422819
0 0.111678 0.240401 0.112791 0.0780897 0.410709
0 0.436045 0.820202 0.101817 0.086768 0.34313
0 0.291511 0.783605 0.110633 0.0910477 0.314367
0 0.141723 0.375129 0.133254 0.110325 0.273008
0 0.557107 0.913424 0.107752 0.110339 0.26906
2 0.456576 0.985022 0.141051 0.029908 0.252649
