0 0.825541 0.332073 0.146854 0.0862782 0.889924
0 0.638928 0.375132 0.176541 0.0975322 0.8545
0 0.929179 0.580321 0.118702 0.0884808 0.846054
0 0.656371 0.253012 0.153286 0.122054 0.812511
0 0.194584 0.448655 0.17166 0.174508 0.80999
0 0.797922 0.434613 0.149962 0.0969571 0.784528
0 0.642263 0.550711 0.094702 0.0738314 0.754672
0 0.340528 0.684903 0.108501 0.108805 0.729512
0 0.783843 0.212658 0.107592 0.0985943 0.726334
0 0.67146 0.658018 0.107532 0.0863695 0.694357
0 0.696258 0.139068 0.113989 0.0980434 0.671431
0 0.500305 0.432613 0.117302 0.0961696 0.669226
2 0.527526 0.940261 0.210813 0.119267 0.639214
0 0.80836 0.526509 0.0812559 0.0843897 0.630144
0 0.414987 0.531015 0.0998189 0.0803613 0.596626
0 0.638863 0.467258 0.100081 0.069659 0.54747
2 0.815832 0.119848 0.113596 0.0833412 0.49397
0 0.170274 0.60322 0.117254 0.137591 0.492836
0 0.915337 0.394706 0.0924031 0.0647793 0.456916
2 0.882691 0.896463 0.110745 0.0982391 0.449291
0 0.297515 0.560703 0.097348 0.0917109 0.439956
0 0.931259 0.243567 0.104196 0.163707 0.424512
2 0.530354 0.172703 0.130585 0.0836103 0.408183
0 0.549648 0.71226 0.0996691 0.0899481 0.395433
2 0.456563 0.0996565 0.132675 0.0977191 0.383138
2 0.268885 0.124013 0.16692 0.0952484 0.379623
0 0.552151 0.60213 0.0826347 0.0705031 0.353783
0 0.455381 0.639259 0.0784061 0.0710815 0.351077
2 0.106947 0.0660629 0.178085 0.12647 0.345849
0 0.707136 0.86155 0.148622 0.133571 0.304695
2 0.297691 0.813934 0.101774 0.0915642 0.301364
0 0.774043 0.97662 0.114021 0.0465931 0.289307
2 0.761694 0.976407 0.136476 0.0471861 0.286947
0 0.421935 0.762237 0.0965207 0.09555 0.275785
