0 0.476921 0.423567 0.858809 0.242424 0.862643
0 0.581387 0.714859 0.170415 0.185316 0.862396
0 0.33427 0.705072 0.212339 0.215952 0.853851
0 0.772502 0.546186 0.154306 0.163793 0.849733
0 0.105365 0.715895 0.20683 0.223919 0.804214
0 0.877807 0.658635 0.0986549 0.0877984 0.732625
0 0.935565 0.780532 0.114787 0.105677 0.683115
0 0.404265 0.553047 0.0879233 0.0737461 0.588963
0 0.762156 0.692684 0.118107 0.128685 0.56688
2 0.265749 0.889715 0.0920064 0.141113 0.487253
2 0.781136 0.964878 0.134683 0.0702438 0.440876
0 0.489206 0.600853 0.10908 0.0798189 0.430651
0 0.48853 0.20486 0.214063 0.1679 0.401318
0 0.59062 0.88509 0.0982257 0.127408 0.386745
0 0.78577 0.963497 0.132556 0.07239 0.375366
0 0.434583 0.880222 0.099422 0.112829 0.305666
0 0.641915 0.592628 0.0989633 0.0687622 0.292841
2 0.122419 0.889918 0.0784244 0.121983 0.273516
