0 0.323091 0.69729 0.202987 0.210834 0.88198
0 0.756986 0.543917 0.158272 0.167671 0.870379
0 0.570104 0.706383 0.175998 0.184576 0.857171
0 0.0989666 0.706234 0.197933 0.216633 0.833473
0 0.911697 0.769618 0.112141 0.106202 0.77124
0 0.420625 0.865714 0.104513 0.106562 0.670889
0 0.857422 0.648436 0.0974411 0.0834827 0.625586
0 0.498003 0.414687 0.936456 0.235121 0.576734
0 0.58088 0.869541 0.0869132 0.120104 0.556707
0 0.745032 0.677697 0.116912 0.112819 0.522655
0 0.767641 0.958462 0.123263 0.0830757 0.477915
0 0.0588699 0.976474 0.0987196 0.0458672 0.471724
0 0.474434 0.597869 0.107069 0.0784338 0.424601
2 0.814675 0.315215 0.0812544 0.0527243 0.42128
0 0.25312 0.880641 0.0983425 0.143384 0.408543
2 0.669674 0.179647 0.174566 0.119058 0.402364
0 0.882158 0.897978 0.0862696 0.0842363 0.379206
0 0.926337 0.971439 0.0988888 0.0565342 0.312245
