0 0.342263 0.71261 0.214475 0.225008 0.865011
0 0.5931 0.720961 0.170966 0.187892 0.845768
0 0.527914 0.417648 0.890663 0.242245 0.822485
0 0.109176 0.720093 0.215139 0.228957 0.820613
0 0.788063 0.550096 0.159482 0.169226 0.80377
0 0.685768 0.179878 0.162135 0.123233 0.776337
0 0.50003 0.207217 0.221821 0.170435 0.737905
0 0.946039 0.786541 0.107922 0.109839 0.654004
0 0.441444 0.888131 0.09477 0.113243 0.611021
0 0.804445 0.968826 0.131349 0.0621536 0.571233
0 0.776717 0.7052 0.122097 0.145572 0.559472
0 0.606686 0.892371 0.0886222 0.126038 0.542116
0 0.499189 0.606326 0.110374 0.0779125 0.521707
0 0.270777 0.901628 0.10059 0.149984 0.428308
0 0.840315 0.235012 0.156896 0.0914202 0.380602
0 0.285396 0.529228 0.0651429 0.0552463 0.374883
2 0.261072 0.199895 0.221317 0.120901 0.339584
0 0.413458 0.55612 0.0951721 0.0769949 0.329941
0 0.262356 0.19401 0.214923 0.13576 0.303357
2 0.800323 0.96853 0.125991 0.0629391 0.296661
0 0.0715043 0.985346 0.0841077 0.0265862 0.265568
