0 0.224453 0.5332 0.165668 0.169948 0.857322
0 0.662788 0.455456 0.174379 0.0951071 0.843099
0 0.681517 0.336296 0.149666 0.114788 0.808808
0 0.845569 0.417821 0.143689 0.0842995 0.702537
0 0.697074 0.740781 0.10435 0.0835342 0.614481
0 0.72076 0.223876 0.109408 0.0905209 0.603583
0 0.368945 0.765357 0.109441 0.107626 0.529901
0 0.201431 0.676332 0.125264 0.124324 0.436041
2 0.947893 0.668752 0.104017 0.0824282 0.429631
0 0.826113 0.517928 0.149714 0.0964627 0.426526
0 0.812365 0.300242 0.103313 0.0919172 0.424379
0 0.529122 0.512158 0.117171 0.0899437 0.355085
2 0.840505 0.896756 0.122217 0.0884148 0.288151
0 0.323257 0.642163 0.099433 0.0850634 0.281798
