0 0.348237 0.640099 0.174884 0.166438 0.854712
0 0.143551 0.645639 0.208578 0.17466 0.842046
0 0.543898 0.647914 0.143893 0.144398 0.817269
0 0.692206 0.515176 0.128931 0.123621 0.466713
0 0.0766622 0.962986 0.127998 0.0740273 0.43036
0 0.140167 0.880726 0.0764441 0.0908081 0.424555
0 0.813363 0.695873 0.0923348 0.085577 0.384516
2 0.812542 0.980276 0.059277 0.037735 0.324014
0 0.700891 0.854921 0.0992498 0.0852871 0.320084
2 0.895274 0.976579 0.0568241 0.0436203 0.307126
2 0.847127 0.930221 0.0667377 0.0535973 0.2619
