0 0.900329 0.52433 0.181061 0.197082 0.850705
0 0.131246 0.740964 0.25828 0.268863 0.847271
0 0.699796 0.724824 0.207055 0.220703 0.822946
0 0.559222 0.372131 0.854286 0.284421 0.819435
0 0.405687 0.725638 0.263255 0.270571 0.815803
0 0.562882 0.593204 0.131684 0.0961205 0.738768
2 0.7272 0.0796793 0.182807 0.149586 0.727497
0 0.902896 0.691243 0.147025 0.137037 0.713721
0 0.459191 0.538167 0.1047 0.0876943 0.682839
0 0.169286 0.582033 0.0970671 0.0893124 0.637194
0 0.502525 0.111508 0.268835 0.199465 0.568718
0 0.0730403 0.476567 0.104564 0.0771696 0.545018
0 0.300575 0.509947 0.0807369 0.0747982 0.526252
0 0.21746 0.10184 0.241712 0.16961 0.485997
0 0.744991 0.576975 0.119081 0.0860114 0.425509
2 0.881188 0.901179 0.0753603 0.112057 0.333482
0 0.339279 0.922969 0.120667 0.127972 0.312483
2 0.504042 0.111178 0.265091 0.206357 0.309806
0 0.791631 0.265755 0.120295 0.0892031 0.309607
0 0.0650845 0.277823 0.0991593 0.0849041 0.296899
2 0.542442 0.930036 0.116872 0.133988 0.27177
0 0.255173 0.216194 0.0834767 0.0539481 0.262587
0 0.732488 0.926129 0.111271 0.141585 0.256417
