0 0.32534 0.54026 0.164196 0.168767 0.834078
0 0.761898 0.467785 0.173155 0.0944036 0.806071
0 0.779198 0.346502 0.149509 0.115005 0.776098
0 0.815015 0.235922 0.114738 0.0903114 0.732869
0 0.122218 0.712257 0.189003 0.188868 0.697064
0 0.903096 0.311038 0.101887 0.0937402 0.690616
0 0.93647 0.427991 0.127061 0.085938 0.639442
0 0.804224 0.752283 0.107457 0.083703 0.458749
0 0.628259 0.526419 0.117837 0.0929352 0.378032
0 0.473718 0.774981 0.109182 0.103302 0.340166
0 0.772553 0.646264 0.0904253 0.0754501 0.306792
2 0.122044 0.714094 0.19487 0.191457 0.266747
