0 0.312887 0.667828 0.197571 0.219192 0.876301
0 0.101163 0.684207 0.202318 0.20872 0.841705
0 0.548314 0.683805 0.164476 0.176324 0.824739
0 0.725307 0.530305 0.150666 0.157977 0.777039
0 0.871064 0.741191 0.0987444 0.101248 0.72227
0 0.739596 0.929266 0.120432 0.0982456 0.609527
0 0.408147 0.836514 0.0911777 0.106781 0.468889
2 0.237544 0.964575 0.15078 0.0708494 0.406016
0 0.926567 0.603156 0.088671 0.0734327 0.388032
0 0.562836 0.839851 0.0832927 0.117171 0.379181
0 0.822272 0.628841 0.0851952 0.0786868 0.367177
0 0.0709004 0.957435 0.101773 0.0851309 0.362263
0 0.717276 0.659328 0.114377 0.113295 0.278094
2 0.90925 0.515348 0.114768 0.112881 0.265773
0 0.496621 0.404527 0.943919 0.235542 0.252521
