0 0.781924 0.535151 0.197102 0.203705 0.790873
0 0.572071 0.746277 0.216077 0.230587 0.784443
2 0.594541 0.0744213 0.190504 0.148843 0.727365
0 0.321323 0.554776 0.111482 0.0942556 0.700208
0 0.26791 0.751615 0.278848 0.272358 0.602161
0 0.432558 0.611323 0.137493 0.100814 0.584383
0 0.623789 0.58591 0.115191 0.0943953 0.555807
0 0.509404 0.373227 0.981193 0.286188 0.513748
2 0.761252 0.925176 0.0780077 0.12294 0.51213
0 0.918137 0.665583 0.115905 0.107512 0.473988
2 0.363635 0.107656 0.268102 0.212234 0.463792
0 0.779985 0.710732 0.138765 0.154363 0.454577
0 0.360839 0.105141 0.27399 0.204582 0.401638
0 0.887241 0.428932 0.0738671 0.0776671 0.384369
0 0.157091 0.531053 0.0740713 0.0811224 0.383716
0 0.484488 0.523967 0.0790715 0.0668528 0.282137
