0 0.518627 0.371009 0.962745 0.29146 0.81826
0 0.127579 0.747135 0.242886 0.27355 0.814321
0 0.69838 0.73338 0.221503 0.231046 0.795101
0 0.557262 0.596116 0.135077 0.100469 0.752135
0 0.903113 0.523787 0.185235 0.203563 0.735553
0 0.152992 0.585242 0.104681 0.0891953 0.724466
0 0.391932 0.729072 0.265505 0.273631 0.660347
0 0.0551922 0.478106 0.105745 0.0828968 0.621152
0 0.451745 0.53965 0.108511 0.0890529 0.61414
0 0.506131 0.10282 0.272383 0.204629 0.602825
0 0.747173 0.578114 0.120861 0.0909974 0.589764
2 0.538611 0.936543 0.12289 0.123391 0.589743
0 0.909728 0.133382 0.180543 0.108229 0.55535
2 0.889485 0.911444 0.0777518 0.116873 0.493798
0 0.28715 0.510505 0.0813624 0.0649433 0.487428
0 0.792746 0.251479 0.128366 0.0961122 0.484715
2 0.724382 0.0725899 0.191389 0.144703 0.424272
2 0.738531 0.933084 0.114782 0.133832 0.40052
0 0.90811 0.698465 0.146289 0.143093 0.326372
2 0.334623 0.935094 0.121219 0.129811 0.297369
0 0.163159 0.483986 0.0599616 0.058628 0.288818
0 0.899956 0.0365697 0.200088 0.0731394 0.261315
