0 0.189318 0.701079 0.217468 0.249651 0.853025
0 0.445167 0.715225 0.17908 0.188706 0.813872
0 0.641548 0.542725 0.161038 0.169303 0.759583
0 0.349635 0.199379 0.223623 0.169104 0.561011
0 0.265068 0.554181 0.088768 0.076573 0.439042
2 0.65489 0.966502 0.14994 0.0669967 0.438334
0 0.498674 0.427552 0.957442 0.272061 0.386794
2 0.535168 0.168846 0.161008 0.122749 0.340384
0 0.807068 0.776106 0.110207 0.104858 0.32645
0 0.120763 0.904441 0.101695 0.147351 0.272778
0 0.290471 0.890309 0.102935 0.116825 0.268542
