0 0.559706 0.376662 0.839961 0.280808 0.832331
0 0.697287 0.720026 0.212712 0.21979 0.824652
0 0.137217 0.732447 0.264376 0.262745 0.807978
0 0.41315 0.715049 0.254236 0.262128 0.797424
0 0.564493 0.590557 0.127738 0.0948806 0.725234
0 0.893685 0.52547 0.182464 0.193007 0.697381
0 0.46255 0.534044 0.101881 0.0841835 0.678741
2 0.722665 0.0949235 0.180129 0.151226 0.605511
0 0.180165 0.575827 0.0946645 0.0824284 0.601744
0 0.725288 0.916145 0.104208 0.147222 0.524049
0 0.231953 0.1141 0.243395 0.162852 0.50921
0 0.510654 0.123479 0.253337 0.188328 0.477954
0 0.908834 0.596761 0.182332 0.329259 0.454768
0 0.897715 0.684032 0.1423 0.135937 0.443202
0 0.740101 0.5735 0.116734 0.0827042 0.438973
0 0.0923495 0.47566 0.10009 0.0751428 0.401552
2 0.515061 0.122643 0.245591 0.190374 0.369024
0 0.416143 0.748248 0.257666 0.185107 0.342967
0 0.31117 0.515332 0.0807827 0.0852321 0.324839
0 0.543333 0.92065 0.116441 0.142919 0.310694
2 0.186475 0.924402 0.082201 0.13479 0.309107
2 0.872035 0.886633 0.0700938 0.110825 0.278109
2 0.544634 0.924603 0.122962 0.148113 0.275001
0 0.941228 0.981202 0.117544 0.0372223 0.257432
