0 0.510807 0.357508 0.978386 0.298722 0.85288
0 0.846549 0.508328 0.192091 0.196122 0.838916
0 0.637108 0.725616 0.223734 0.229947 0.818257
0 0.383842 0.531987 0.113954 0.0930271 0.796109
0 0.499056 0.588438 0.138279 0.097707 0.74827
0 0.328085 0.730905 0.2848 0.274302 0.744377
0 0.68745 0.56977 0.119378 0.0905615 0.692937
2 0.427867 0.0946513 0.283447 0.186991 0.660939
0 0.850444 0.689152 0.145756 0.145009 0.647115
2 0.65817 0.064568 0.18795 0.128784 0.644926
0 0.22379 0.509646 0.0765025 0.0810434 0.560735
2 0.479459 0.933961 0.137736 0.131667 0.478028
0 0.546498 0.50289 0.0831281 0.0602731 0.3522
2 0.681584 0.92968 0.120536 0.140639 0.296531
2 0.268207 0.932827 0.124954 0.131126 0.290607
2 0.136093 0.0689674 0.259155 0.137387 0.252531
