0 0.698061 0.735219 0.221775 0.234687 0.830768
0 0.514404 0.370468 0.971192 0.294934 0.789698
0 0.124017 0.745524 0.236347 0.276219 0.777635
0 0.49894 0.10243 0.275465 0.203773 0.752171
0 0.557256 0.595741 0.136161 0.100223 0.745911
0 0.151792 0.585837 0.106854 0.0908726 0.724953
0 0.0542836 0.477853 0.103839 0.0826951 0.704439
0 0.903414 0.523519 0.185915 0.203161 0.704004
0 0.451522 0.539189 0.108548 0.0897157 0.612344
2 0.726141 0.0723372 0.191488 0.143734 0.590982
0 0.395572 0.733671 0.273786 0.273025 0.58104
0 0.284828 0.511046 0.0834585 0.0691616 0.578029
0 0.747532 0.577902 0.120962 0.0903367 0.568903
0 0.200365 0.0870069 0.26548 0.167888 0.545796
2 0.538117 0.936834 0.122904 0.12248 0.526137
0 0.908507 0.698243 0.146408 0.143594 0.477849
0 0.904994 0.0358661 0.168875 0.0716188 0.392969
2 0.889622 0.913557 0.0781969 0.120158 0.374184
0 0.909684 0.132031 0.180632 0.107578 0.370822
2 0.738568 0.933372 0.115159 0.133256 0.346675
0 0.239196 0.20591 0.0938854 0.051498 0.265327
