0 0.597938 0.383288 0.182921 0.0963171 0.90348
0 0.616141 0.26352 0.158054 0.121215 0.867939
0 0.156334 0.461176 0.167089 0.171191 0.850425
0 0.789154 0.343221 0.147674 0.0837745 0.780008
0 0.758044 0.444505 0.148691 0.0959857 0.777755
0 0.886401 0.589286 0.11112 0.0878541 0.776618
2 0.486457 0.945806 0.208397 0.107916 0.746072
0 0.659983 0.151073 0.108754 0.0976254 0.660252
0 0.302245 0.694045 0.10599 0.108481 0.646931
2 0.90615 0.111157 0.145221 0.0986631 0.631834
2 0.837608 0.90462 0.118076 0.0972849 0.598898
0 0.892253 0.253129 0.102456 0.166714 0.585267
2 0.779389 0.128247 0.114676 0.0844092 0.570227
0 0.0963724 0.0765838 0.185984 0.129925 0.567011
0 0.60331 0.560525 0.0920975 0.0699218 0.550349
0 0.37495 0.542592 0.0983356 0.0733658 0.531371
0 0.461021 0.444179 0.124097 0.0996145 0.526094
0 0.633303 0.670228 0.105174 0.0826761 0.501933
0 0.134045 0.61403 0.121368 0.136085 0.498859
2 0.257018 0.827265 0.0971225 0.0924786 0.497334
0 0.413612 0.648666 0.0821655 0.0757553 0.487785
2 0.716219 0.982452 0.149671 0.0350967 0.48109
2 0.903209 0.0322152 0.0525536 0.0405517 0.480678
0 0.749375 0.223524 0.0978339 0.0967749 0.465105
0 0.879108 0.4062 0.0966488 0.0651468 0.464313
0 0.356947 0.19172 0.0968888 0.0860886 0.451582
0 0.416791 0.108475 0.123527 0.095941 0.422384
0 0.770395 0.536698 0.0807314 0.0828425 0.410993
2 0.897696 0.778446 0.0814779 0.101207 0.40073
0 0.259579 0.57238 0.0955591 0.0907219 0.363093
2 0.671135 0.870335 0.148519 0.130313 0.35218
2 0.859645 0.679351 0.0880827 0.0776056 0.349629
2 0.229142 0.131418 0.161446 0.0969771 0.330563
0 0.598368 0.475064 0.0955 0.0676086 0.319952
0 0.511036 0.723823 0.10083 0.0845575 0.307003
2 0.874919 0.507294 0.11855 0.0702856 0.297839
0 0.228209 0.132012 0.170001 0.0938831 0.296586
2 0.772887 0.820305 0.124271 0.0838097 0.290827
0 0.514629 0.615858 0.0785087 0.0676096 0.278568
2 0.848475 0.927146 0.109076 0.0492699 0.27053
2 0.298826 0.920183 0.0936668 0.0885349 0.267926
