0 0.467906 0.424432 0.865879 0.252584 0.870264
0 0.767723 0.551437 0.162985 0.169444 0.860712
0 0.578551 0.723411 0.176986 0.185937 0.816242
0 0.317395 0.711857 0.212025 0.244605 0.806219
0 0.0967493 0.728055 0.18055 0.226222 0.772175
0 0.878695 0.664094 0.100765 0.0903109 0.616791
2 0.785074 0.971485 0.13467 0.0570297 0.570975
0 0.476108 0.610741 0.115948 0.0847305 0.547707
0 0.474787 0.207756 0.224328 0.169566 0.53952
2 0.227217 0.200916 0.221192 0.118281 0.442975
0 0.938617 0.78867 0.110273 0.10949 0.410899
2 0.664842 0.17522 0.161572 0.124165 0.374111
0 0.426249 0.892742 0.103765 0.108594 0.341437
0 0.81577 0.229287 0.159671 0.0942968 0.320966
2 0.725003 0.870757 0.0710544 0.110118 0.31118
0 0.390389 0.559202 0.0864361 0.0694064 0.251294
