0 0.576769 0.711745 0.174022 0.185044 0.883111
0 0.461081 0.422761 0.848847 0.242326 0.867707
0 0.331614 0.705918 0.215385 0.217308 0.850865
0 0.766669 0.545566 0.15931 0.168241 0.849025
0 0.103834 0.713634 0.206965 0.221871 0.824694
0 0.929268 0.777457 0.111489 0.107225 0.73162
0 0.758754 0.686286 0.11863 0.11967 0.603408
0 0.40119 0.552192 0.0908552 0.0746129 0.570767
0 0.871872 0.656608 0.0902195 0.0853339 0.499348
2 0.670002 0.180793 0.157414 0.115148 0.47765
0 0.782295 0.962741 0.131545 0.0745182 0.46449
2 0.262774 0.887354 0.0984605 0.141517 0.451699
0 0.588071 0.881837 0.0950478 0.126826 0.426168
0 0.430955 0.877362 0.0990894 0.111081 0.41203
0 0.482952 0.203969 0.216247 0.162643 0.297878
0 0.0614587 0.980007 0.0987615 0.0395958 0.280426
0 0.889843 0.905971 0.091362 0.0899393 0.277648
0 0.251627 0.198125 0.212172 0.135832 0.25134
