0 0.232276 0.70114 0.220936 0.260308 0.85462
0 0.488203 0.716968 0.179871 0.186821 0.842072
0 0.681537 0.545117 0.160638 0.172702 0.817129
2 0.142926 0.189908 0.222582 0.135806 0.620254
2 0.700187 0.967124 0.145339 0.0657518 0.585836
0 0.848103 0.780832 0.110856 0.10803 0.585673
0 0.432906 0.417509 0.761143 0.249469 0.539936
0 0.388982 0.200894 0.22146 0.170889 0.528958
2 0.580469 0.168749 0.166502 0.118963 0.509581
0 0.307113 0.554554 0.091538 0.0737249 0.505094
0 0.335385 0.898416 0.103699 0.131839 0.364075
0 0.340431 0.409977 0.576014 0.226056 0.27551
