0 0.137079 0.474926 0.171559 0.177775 0.854297
0 0.766455 0.356994 0.149868 0.0868475 0.813545
0 0.578559 0.400995 0.176312 0.0938726 0.812257
0 0.282196 0.708047 0.107656 0.105573 0.742262
0 0.640017 0.165915 0.11181 0.0963254 0.73836
0 0.602924 0.277883 0.157553 0.123285 0.660631
0 0.725442 0.238909 0.107244 0.0989856 0.630207
0 0.86893 0.269482 0.106906 0.16737 0.573124
0 0.445904 0.458146 0.120194 0.0987564 0.557705
0 0.236259 0.585752 0.100874 0.0892841 0.534863
2 0.450475 0.95408 0.249103 0.0918392 0.521496
2 0.234881 0.84038 0.1 0.0919384 0.521005
0 0.357611 0.558496 0.0922783 0.0768352 0.505758
2 0.842267 0.69351 0.0842477 0.0791378 0.505157
0 0.112675 0.631643 0.123914 0.144706 0.490942
0 0.740884 0.459904 0.149932 0.0964944 0.48677
0 0.584836 0.575243 0.0984094 0.0717452 0.484226
2 0.652732 0.882712 0.158538 0.146024 0.473051
2 0.392146 0.951101 0.367498 0.0973694 0.468566
2 0.946597 0.885381 0.0999566 0.0791172 0.462621
0 0.613022 0.683852 0.101866 0.0852493 0.455359
2 0.820701 0.921685 0.121706 0.0952465 0.445665
2 0.328823 0.458195 0.0939669 0.111783 0.397651
2 0.397041 0.12717 0.129592 0.0962678 0.394149
2 0.0580274 0.80014 0.076085 0.103087 0.392594
2 0.864573 0.538464 0.105216 0.105701 0.39226
2 0.753759 0.834022 0.121524 0.082242 0.385176
2 0.402557 0.873094 0.0830882 0.0731712 0.375434
2 0.20987 0.149886 0.170467 0.0915429 0.367115
2 0.156126 0.757931 0.0411315 0.0828236 0.365256
2 0.859652 0.521473 0.113431 0.0687482 0.350893
2 0.469408 0.197992 0.125278 0.0838737 0.324339
2 0.887506 0.128215 0.160321 0.0937009 0.308727
2 0.880497 0.792444 0.0756811 0.102055 0.289975
2 0.362497 0.785101 0.0905201 0.0957289 0.289687
0 0.582357 0.491797 0.0913869 0.065358 0.288051
0 0.880507 0.304972 0.0912038 0.0861386 0.280591
2 0.843189 0.132752 0.250948 0.102377 0.2732
2 0.692425 0.987683 0.148529 0.0236221 0.26181
