0 0.692315 0.73642 0.224975 0.239011 0.879301
0 0.50732 0.365916 0.98536 0.298975 0.82622
0 0.488102 0.101458 0.292567 0.20164 0.805919
0 0.119787 0.750237 0.236019 0.280129 0.792723
0 0.13952 0.585248 0.105099 0.0923029 0.782402
0 0.188894 0.0849832 0.261683 0.168917 0.769459
0 0.552572 0.595474 0.13799 0.0986146 0.745356
0 0.901851 0.523381 0.186815 0.212739 0.7167
0 0.38632 0.736512 0.267732 0.277977 0.693858
0 0.048123 0.474449 0.0940951 0.0816399 0.647072
0 0.44119 0.537755 0.106356 0.0868985 0.627658
0 0.903842 0.699716 0.149788 0.144478 0.555692
0 0.528677 0.938064 0.125771 0.118372 0.538883
0 0.741796 0.577758 0.124729 0.090287 0.536954
0 0.905532 0.127199 0.188936 0.114148 0.458785
0 0.275816 0.513677 0.081126 0.0802711 0.450713
0 0.885403 0.0337698 0.150623 0.0674786 0.420125
0 0.782796 0.212253 0.103688 0.120104 0.393296
0 0.227648 0.20134 0.0887573 0.0586087 0.322854
0 0.653469 0.191419 0.0894328 0.0897686 0.308864
2 0.72083 0.0688898 0.188669 0.134737 0.28105
0 0.650627 0.188688 0.0824792 0.0582657 0.272376
0 0.722674 0.0684385 0.188898 0.136342 0.258599
