0 0.748318 0.46617 0.172158 0.0940249 0.864771
0 0.760871 0.347296 0.146755 0.112741 0.83812
0 0.308505 0.539949 0.173262 0.169024 0.824751
0 0.103051 0.711479 0.176949 0.188559 0.669411
0 0.925965 0.428347 0.146917 0.0854053 0.657077
0 0.889203 0.310929 0.0903985 0.0906369 0.638102
0 0.784656 0.751737 0.107336 0.0837469 0.560217
0 0.803836 0.236485 0.10882 0.090896 0.559747
0 0.457432 0.773088 0.111913 0.103969 0.389129
0 0.914761 0.539538 0.160685 0.118089 0.359632
0 0.289529 0.684109 0.124317 0.119967 0.311924
